0.0 1.0
0.09975062344139651 0.9950124688279303
0.1985062281950983 0.9800996262461056
0.295281720946854 0.955410228789008
0.38911176012308 0.9211905547355115
0.4790603852332404 0.8777819474676956
0.5642303531340916 0.825617410549329
0.6437720880859745 0.7652172884883258
0.7168921563237828 0.6971840762678381
0.7828611806082365 0.6221964094212372
0.8410211158093165 0.5410022946003596
0.8907918129474607 0.45441164816252083
0.9316768062158046 0.36328821720435756
0.963268265257557 0.26854096363068947
0.9852510632992341 0.17111499720284992
0.9974059205598714 0.07198214800989468
0.99961159158051 -0.027868727597124388
0.9918460746552084 -0.12744161090891032
0.9741868312994308 -0.2257432562066423
0.9468100135666017 -0.32179309844994397
0.9099887069203898 -0.41463303447429356
0.8640902061901841 -0.5033369801298223
0.8095723517822707 -0.5870201080284452
0.7469789626932376 -0.6648476737522206
0.6769344118815785 -0.7360433424809615
0.6001373981085072 -0.7998969329804658
0.5173539763742537 -0.8557715017046039
0.4294099164716786 -0.9031096963469005
0.33718246588110656 -0.9414393154645398
0.24159159917201978 -0.9703780187171963
0.1435908411993717 -0.9896371407357659
0.04415775563371242 -0.9990245705774201
-0.05571580629737045 -0.9984466680442373
-0.15503359958708304 -0.9879091977500147
-0.25280492305547814 -0.9675172716178867
-0.34805450165548946 -0.9374743003823384
-0.43983221490232877 -0.8980799645544475
-0.5272225743845563 -0.8497272250901033
-0.6093538558180602 -0.7928984035799727
-0.6854067945501371 -0.728160371061563
-0.7546227577754794 -0.6561588934452822
-0.8163113119457046 -0.577612189959223
-0.8698571098870451 -0.4933037688675856
-0.9147260289267692 -0.40407461192689487
-0.9504704988001416 -0.31081478554054937
-0.9767339661917169 -0.21445456229095644
-0.9932544513768912 -0.11595514141252607
-0.9998671614859866 -0.016299060769382187
-0.9965061343234015 0.08351960402108721
-0.9832048963446228 0.18250515555448843
-0.9600961282277432 0.2796702067831068
-0.9274103413754247 0.3740455302632652
-0.8854735785492864 0.4646897262595008
-0.8347041615730306 0.5506986132656166
-0.7756085185461711 0.6312142472715767
-0.7087761321921676 0.7054334798084937
-0.6348736597315092 0.7726159694046776
-0.5546382829343769 0.832091566537972
-0.46887035468652744 0.8832669984190172
-0.37842541541936103 0.9256317869243117
-0.28420565904077955 0.9587633406473188
-0.18715093349470896 0.9823311702740933
-0.08822936571926471 0.9961001852347922
0.01157229547981313 0.9999330387467649
0.11125852231001505 0.9937914978572735
0.20983493844385773 0.97773682481958
0.3063182379847442 0.95192916599815
0.39974599400458594 0.9166259543986836
0.4891862588124118 0.8721793417578338
0.5737468601906874 0.819032685807679
0.6525843008688066 0.7577161277547043
0.7249121724609526 0.6888413040882164
0.790008999938775 0.6130952454682301
0.8472254383897767 0.5312335235518025
0.8959907502732993 0.4440727141186488
0.9358184985630733 0.3524822516768302
0.9663113989868816 0.25737575679933256
0.9871652829619428 0.15970192270189135
0.9981721316954885 0.0604350519690198
0.9992221511851889 -0.03943466217501406
0.9903048674211717 -0.1389110131053321
0.9715092308649234 -0.23700171801963688
0.9430227291628902 -0.3327283160210276
0.9051295169455165 -0.4251359283264479
0.8582075813670902 -0.5133027832420783
0.8027249716603139 -0.5963494108934486
0.7392351303160282 -0.6734474159922659
0.6683713724598619 -0.7438277411310604
0.5908405684943703 -0.806788338178772
0.5074160930227004 -0.8617011712546256
0.4189301103887094 -0.9080184814251961
0.3262652737857537 -0.9452782506339193
0.2303459207360573 -0.97310881036001
0.13212885276630043 -0.9912325490351279
0.03259379125274005 -0.99946868123608
-0.06726639536059831 -0.9977350510306872
-0.16645559548654915 -0.9860489514883298
-0.2639843906699908 -0.9645269521805029
-0.35887992509861955 -0.9333837363920725
-0.4501956099003295 -0.8929299596421252
-0.5370205654262257 -0.8435691508757974
-0.6184887073319102 -0.7857936872378907
-0.6937873858228125 -0.7201798825801545
-0.7621654918865546 -0.6473822386946863
-0.8229409496521765 -0.5681269166177498
-0.8755075201394724 -0.4832044931281675
-0.919340848530614 -0.3934620746946632
-0.9540036946421485 -0.29979484753602514
-0.979150294423088 -0.20313714808276334
-0.9945298089728745 -0.10445314291296522
-0.9999888266750512 -0.00472721113056894
-0.9954728934877013 0.09504587487756869
-0.9810270561259105 0.1938708723582493
-0.9567954127179759 0.29076199580044365
-0.9230196754175927 0.3847527502072221
-0.8800367593100514 0.4749055719436044
-0.8282754216632578 0.5603211809922699
-0.7682519850472546 0.6401475513277955
-0.700565186984396 0.7135884099293781
-0.6258902075052342 0.7799111796538596
-0.5449719341856212 0.8384542867384024
-0.4586175318467002 0.8886337600400186
-0.3676883910354929 0.9299490561841284
-0.27309153560049015 0.9619880525159276
-0.17577057507221563 0.9844311580495629
-0.0766962920993305 0.9970545014081403
0.02314304116880983 0.9997321639546665
0.1227515211584583 0.9924374358383031
0.2211355470717132 0.9752430824267946
0.31731373211642233 0.9483206184673878
0.4103266929006185 0.9119385972165358
0.4992466193416664 0.8664599316044216
0.5831865296296802 0.8123382741558542
0.6613091179263755 0.7501134917780515
0.7328351065430072 0.6804062805545824
0.7970510192838983 0.6039119742632372
0.8533162984159723 0.5213936083782438
0.9010696942720767 0.4336743087438414
0.9398348637514022 0.3416290808426675
0.9692251218716115 0.24617608156151682
0.988947298975645 0.14826746051915402
0.998804665117328 0.048879862314505376
0.9986988924548481 -0.05099531556410342
0.988631036077108 -0.15036181199070123
0.9687015234791474 -0.24822843996851401
0.9391091527916191 -0.34361897378205236
0.9001491097570423 -0.4355818869094854
0.8522100232336172 -0.5231998435590184
0.795770088598136 -0.6055988491506061
0.7313922977172869 -0.6819569684663773
0.6597188230686842 -0.751512524505676
0.5814646120303691 -0.8135716962606286
0.49741025523614 -0.8675154396239542
0.40839420013531597 -0.912805662392527
0.3153043874271571 -0.9489905917706508
0.21906939379703158 -0.9757092808318603
0.12064916930608777 -0.9926952089870162
0.021025461829547065 -0.999778940543798
-0.07880797593955771 -0.9968898148382975
-0.17785529923544996 -0.9840566510795472
-0.275128504833233 -0.9614074608761132
-0.3696572864426546 -0.9291681713123189
-0.4604987135738453 -0.887660371311494
-0.5467466373277408 -0.8372981037664148
-0.6275407292878433 -0.7785837354356356
-0.7020750633498128 -0.7121029458037529
-0.7696061548846022 -0.6385188848920322
-0.8294603770439839 -0.558565558295603
-0.8810406802303584 -0.4730405054318859
-0.9238325477037119 -0.38279684403518244
-0.9574091279181756 -0.28873476025408806
-0.981435492392807 -0.19179252923853896
-0.9956719766440688 -0.09293715578669516
-0.9999765708539933 0.006845271588207927
-0.9943063364269702 0.1065594169522561
-0.9787178343049149 0.20521062548885038
-0.9533665607683467 0.3018148452425135
-0.9185053963512964 0.3954084430984957
-0.874482083342213 0.4850578170831712
-0.8217357570329581 0.5698687091019298
-0.7607925653168907 0.6489951252194223
-0.6922604203308292 0.7216477745018084
-0.6168229344935875 0.7871019422430293
-0.5352326014294769 0.8447047190391826
-0.4483032897974913 0.8938815136005311
-0.35690212490069273 0.9341417843354405
-0.26194083905725385 0.9650839325333378
-0.16436667701374258 0.9863993083368877
-0.06515294711972017 0.997875289543561
0.034710687483725924 0.9993974025253608
0.1342280808155139 0.9909504641103989
0.23240654067283295 0.9726187330359817
0.3282667307977547 0.9445850694624524
0.42085243981746195 0.9071291109316916
0.5092401195123067 0.8606244829652032
0.5925480972668792 0.805535072126244
0.6699453708093132 0.7424103987224344
0.7406598975107566 0.671880135306431
0.803986295558726 0.5946478256529569
0.8592928801846633 0.5114838668657875
0.9060279647588833 0.42321782461861024
0.9437253638990993 0.33073015818571116
0.9720090436986761 0.2349434378058224
0.9905968726882911 0.1368131419864741
0.9993034361149306 0.037318126546313016
0.9980418854656106 -0.06254913953271404
0.9868248047867084 -0.16179247404532998
0.9657640851573154 -0.25942191854253116
0.9350698085687472 -0.3544636132288343
0.895048152343583 -0.44596951127445084
0.8460983349977846 -0.5330268356415193
0.7887086340111106 -0.6147671840919641
0.7234515152288145 -0.6903751915539604
0.6509779224791485 -0.7590966634393587
0.5720107843680946 -0.820246098781721
0.4873378030214487 -0.8732135281511982
0.3978035967070077 -0.9174705981376211
0.30430127471469137 -0.9525758417087062
0.20776352853569482 -0.9781790818712256
0.10915332820671625 -0.9940249247083462
0.009454316623805331 -0.9999553069498724
-0.0903390023568493 -0.9959110726632204
-0.189231184156887 -0.9819325633375336
-0.28623577309750436 -0.9581592154748142
-0.3803851423563511 -0.9248281697021216
-0.47074014610540893 -0.8822719052790335
-0.5563994875491759 -0.8309149235963044
-0.6365087094163924 -0.771269513748026
-0.7102687172245926 -0.7039306424159768
-0.7769437502973854 -0.629570019039878
-0.8358687210230722 -0.5489293954738551
-0.8864558491450375 -0.46281316696544966
-0.9282005249064539 -0.3720803482628751
-0.9606863425640652 -0.27763600488934925
-0.9835892540614364 -0.1804222250580742
-0.996680801428519 -0.08140872228357644
-0.9998303956641451 0.01841683757105675
-0.9930066193694554 0.11805868832273679
-0.9762775401384123 0.21652289629813018
-0.9498100315793051 0.31282727488401607
-0.913868108740105 0.4060111818999866
-0.8688102945419014 0.49514510206408696
-0.815086043490412 0.5793399189657027
-0.7532312583392676 0.6577557840571867
-0.6838629444266342 0.7296104941954819
-0.6076730550084982 0.7941872941672385
-0.5254215889817987 0.8508420263667535
-0.4379290098480488 0.8990095563082461
-0.34606806153875724 0.9382094098775864
-0.25075506274030096 0.9680505660915394
-0.15294076655790154 0.9882353575564495
-0.05360087669412651 0.9985624397190511
0.04627368525637299 0.9989287992909389
0.1456866643115471 0.989330781812543
0.2436464098075038 0.9698641281065905
0.33917576717570486 0.9407230192574302
0.4313218251207068 0.9021981396426098
0.5191654209697417 0.8546737773380874
0.601830309377682 0.7986239908207163
0.6784919029289871 0.7346078802053829
0.7483854974485815 0.6632640101865046
0.8108138999736764 0.5853040403153917
0.8651543832970389 0.501505626151856
0.9108648977097077 0.4127046621015187
0.9474894779806338 0.31978694331700164
0.9746627916382867 0.2236793298360556
0.9921137831848346 0.12534050109489955
0.9996683778916334 0.025751393041076168
0.9972512182054983 -0.07409458676378042
0.9848864154449942 -0.17320146844630505
0.9626973092885299 -0.27058065468298126
0.930905237453377 -0.36526078202007667
0.8898273278381408 -0.4562974102846526
0.8398733351521998 -0.5427824434341697
0.781541553586935 -0.6238531878711265
0.7154138463001047 -0.6987009578654786
0.6421498412945703 -0.7665791422452124
0.5624803515878432 -0.8268106518893331
0.4772000853066736 -0.878794673734059
0.38715971842394126 -0.9220126639205898
0.2932574092127905 -0.9560335203024265
0.19642983906186123 -0.9805178827161593
0.09764286902004057 -0.9952215181202545
-0.0021180947277156803 -0.9999977568348709
-0.1018579303485122 -0.9947989555810596
-0.2005817267638373 -0.9796769727254422
-0.29730470794959796 -0.9547826509897706
-0.3910620561383552 -0.9203643127853729
-0.48091853593670486 -0.8767652831816201
-0.5659778233566336 -0.8244204652169532
-0.6453914467031794 -0.7638520017139626
-0.7183672501324866 -0.6956640668721794
-0.784177295455734 -0.6205368395927684
-0.8421651233679517 -0.5392197186515841
-0.891752301670514 -0.45252384739966084
-0.932444195168383 -0.36131402255771605
-0.9638348996870161 -0.2665000678149461
-0.9856112909918138 -0.16902775828100464
-0.9975561482218801 -0.06986938632031994
-0.9995503206816534 0.029985937124856712
