0.0 1.0
0.09983333333333333 0.9950041666666667
0.19866916527777778 0.9800665972395833
0.29551996253066265 0.9553365428639757
0.38941802558044014 0.9210610977926066
0.4794251576239398 0.8775827305044371
0.5646420387026698 0.8253358618771687
0.6442172113950551 0.7648425246033907
0.7173555882826991 0.6967071472199533
0.7833263961870287 0.6216105148667441
0.8414704778002743 0.540302967116884
0.8912068777554326 0.4535969008432685
0.932038647329499 0.36235865303022163
0.9635578097813993 0.2674998446343965
0.9854494367127002 0.1699682719840675
0.9974947947215325 0.07073843672679585
0.9995735309094612 -0.029198191053051423
0.9916648754044964 -0.12884307925937677
0.9738478488850604 -0.22720061077045903
0.9463004730314213 -0.3232880312995101
0.9092979917935007 -0.41614526873411317
0.8632101212475434 -0.5048445258431135
0.80849735552014 -0.5884995505039686
0.7457063656895411 -0.6662744908256699
0.6754645376368543 -0.7373922466899259
0.5984737034230326 -0.8011422342649167
0.5155031288255676 -0.8568874859113009
0.4273818271009983 -0.9040710145406882
0.3349902757714609 -0.9422213788361283
0.23925161919827917 -0.970957393728877
0.1411224448434349 -0.9899919390660014
0.04158322537931544 -0.9991348284139537
-0.0583714778541351 -0.9982947093340373
-0.15774295216120354 -0.9874799761428849
-0.25553831228096285 -0.9667986860379776
-0.350780420951984 -0.9364574794262635
-0.4425176521283667 -0.89675951524359
-0.5298333992964271 -0.848101441894537
-0.6118552338882467 -0.7909694340779788
-0.6877636222843982 -0.7259343350970543
-0.7568001143085917 -0.6536459531899061
-0.8182749213976507 -0.5748265688702872
-0.8715738087283853 -0.49026371815044056
-0.916164232437632 -0.4008023237537969
-0.9516006606144998 -0.3073362529396866
-0.9775290248993252 -0.21079938629136116
-0.9936902582105199 -0.11215628670489795
-0.9999228832515822 -0.01239256181121784
-0.9961646259348244 0.08749498387344698
-0.9824530376010592 0.1865083086723392
-0.9589251198182553 0.28365810583410267
-0.9258159555080587 0.37797368834222894
-0.8834563600775005 0.4685126876824404
-0.8322695760249831 0.5543704696612973
-0.7727670440469054 0.6346891731964419
-0.7055432928985763 0.7086662817660307
-0.6312699990681618 0.7755626418744158
-0.5506892756173546 0.8347098484163563
-0.46460625724435 0.8855169231477755
-0.37388105565661384 0.9274762195341107
-0.27942016563257394 0.9601684949770736
-0.18216740763989003 0.9832670997399026
-0.08309449750852214 0.9965412407168344
0.016808662616844813 0.999858287436354
0.11654387503558418 0.9931850972574549
0.21511462013608817 0.9765883465180203
0.31153601327370734 0.9502338643266212
0.4048446453960018 0.9143849756542644
0.494108209091195 0.8693998702813575
0.5784348138796991 0.8157280238884725
0.6569818976735576 0.7539057070501398
0.7289646453636025 0.6845506270042583
0.793663830418732 0.6083557557347166
0.850433001146781 0.5260824060348884
0.8987049398143683 0.43855262473358547
0.9379973300884485 0.3466409790877195
0.9679175761724723 0.251265818409197
0.9881667254860288 0.15338009823684254
0.998542455693933 0.053961858735045776
0.9989410962394107 -0.04599554754432904
0.9893586641829392 -0.14549338089595665
0.9698909039970123 -0.243537493521494
0.9407323309192314 -0.3391482627091446
0.9021742874222177 -0.4313703788834634
0.8546020322194384 -0.5192823907266095
0.7984908908926023 -0.6020059119995118
0.7344015066022334 -0.6787143980715924
0.6629742383346857 -0.748641404467016
0.5849227626563815 -0.8110882449109457
0.5010269429043346 -0.8654309723592735
0.41212503706154086 -0.9111266132598114
0.3191053221734497 -0.9477185927543781
0.22289721899144613 -0.9748412966150587
0.12446200552283133 -0.9922237243333654
0.024783212274292546 -0.9996921968619126
-0.07514320484374204 -0.9971720919538068
-0.1743188157629319 -0.984688589760854
-0.2717526922236415 -0.962366421240841
-0.3664713087859515 -0.9304286218877318
-0.45752826995760026 -0.8891943032370868
-0.544013766248773 -0.8390754644130645
-0.625063664672126 -0.7805728755749317
-0.6998681428589323 -0.7142710743942714
-0.7676797805222609 -0.6408325255563599
-0.8278210274201118 -0.5609910016419623
-0.8796909732012147 -0.4755442515254848
-0.9227713514915579 -0.38534602954431746
-0.9566317182309056 -0.2912975650811451
-0.980933752519178 -0.1943385577922085
-0.9954346370001398 -0.09543778845407365
-0.9999894840067917 0.004416560757925431
-0.9945527832272748 0.10422677984315032
-0.9791788564267274 0.20299559974770687
-0.9540213146816828 0.2997361567305689
-0.9193315235501505 0.39348185276329045
-0.8754560915128794 0.4832960134416172
-0.8228334067804415 0.568281246910501
-0.7619892570691692 0.6475884102913914
-0.6935315761116373 0.7204250940223826
-0.6181443693927451 0.7860635393386409
-0.5365808798033462 0.843847909784404
-0.4496560614978523 0.8932008441021402
-0.35823843715442233 0.9336292250246822
-0.26324141999717426 0.9647291063305795
-0.16561418728776886 0.9861897489332542
-0.06633219647527383 0.9977967256767707
0.03361256123634816 0.999434063816192
0.13322147252015476 0.9910854037756149
0.23149927972395504 0.9728341626059904
0.3274640251391655 0.9448627005095298
0.42015686238110916 0.9074504987585076
0.5086516368488545 0.8609713672140792
0.5920641395399693 0.8058897093466282
0.6695609417592893 0.7427558820762771
0.7403677224483651 0.6722006967964353
0.8037770049318109 0.5949291165242614
0.8591552257776779 0.5117132121539332
0.9059490651422646 0.4233844481914093
0.943690975348767 0.3308253750489503
0.9720038524601406 0.23496081090711637
0.9906048041694523 0.1367486012520222
0.9993079763602826 0.03717004841535032
0.9980264100951818 -0.06277989325815958
0.9867729104778084 -0.16210255864925965
0.9656599187073952 -0.2598055501793756
0.9348983886039451 -0.35491265350255946
0.894795678829539 -0.44647359150006344
0.8457524818659634 -0.5335735191190101
0.7882588204332602 -0.61534216418603
0.722889151351607 -0.6909625228640378
0.6502966257670532 -0.759679022870165
0.5712065630909537 -0.8208050728908203
0.48640920385924497 -0.8737299227627501
0.3967518139224836 -0.9179247658755625
0.3031302188588522 -0.9529480228226371
0.2064798531953433 -0.9784497535080278
0.10776641387020344 -0.994175153625129
0.007976211324001517 -0.9999671005715187
-0.09189368537212791 -0.995767723362093
-0.19084541088460527 -0.9816189808544791
-0.2878902739413664 -0.9576622425093139
-0.38205863599164747 -0.924136875874298
-0.4724095994974566 -0.8813778549054099
-0.5580404090546907 -0.8298124130221155
-0.6380954714111629 -0.7699557743380993
-0.7117749042566581 -0.7024060057195874
-0.7783425283684814 -0.6278380411077237
-0.8371332232577616 -0.546996937811903
-0.887559572821458 -0.4606904321548511
-0.9291177345990301 -0.3697808688508686
-0.9613924739902076 -0.27517658475609796
-0.9840613131337153 -0.17782283308139823
-0.996897752992811 -0.07869233874994651
-0.9997735364536874 0.021224420732840726
-0.9926599298246589 0.12092911178688937
-0.9756280099318521 0.21942551976008248
-0.9488479539428526 0.3157295027591443
-0.9125873390141586 0.4088788248535715
-0.8672084687517855 0.49794277040265406
-0.8131647531981148 0.5820314434425707
-0.7509961785149125 0.6603046592173174
-0.6813239116278862 0.731980339012383
-0.604844093741309 0.7963423244129176
-0.5223208847357701 0.8527475329090455
-0.4345788279470246 0.9006323833520085
-0.34249461161443046 0.9395184270602237
-0.24698830931572768 0.9690171283112093
-0.14901418691070212 0.9888337464543747
-0.04955116784756565 0.9987702808559649
0.050406947900593316 0.9987274492513039
0.14986141354029509 0.9887056797373434
0.24781851458892815 0.9688051064938827
0.3432994977247669 0.9392245692762291
0.43535035015012713 0.9002596266760308
0.5230513317556592 0.8522996030011074
0.6055261648437071 0.7958236982808411
0.6819507895902127 0.7313962002646163
0.7515615977636358 0.6596608462533714
0.8136630624324366 0.5813343910988943
0.8676346874277409 0.49719944563719115
0.9129372071245794 0.4080966571118259
0.9491179745956502 0.3149163097177342
0.9758154843010532 0.2185894291899703
0.9927629841248646 0.12007848031725359
0.9997911406683466 0.020367750327536308
0.9968297311691234 -0.0795464857685316
0.9839083451412659 -0.1786659196117638
0.9611560887257565 -0.2760001842449731
0.9288002947053743 -0.37057674951563724
0.8871642510730976 -0.46145063925926855
0.8366639708493946 -0.5477138731727667
0.7778040354232783 -0.628504539037839
0.7111725529490318 -0.7030154046479864
0.6374352821725666 -0.7705019833916775
0.5573289804001104 -0.8302899729032112
0.4716540420740242 -0.8817819924568598
0.3812665015085529 -0.9244635517866009
0.2870694796914041 -0.9579081916930708
0.19000416061175424 -0.981781745074596
0.09104038727608418 -0.9958456758075677
-0.008833028626804754 -0.9999594621152414
-0.10861818658912827 -0.9940820006111813
-0.207318067959643 -0.9782720169886466
-0.30394649780782784 -0.9526874792524698
-0.3975379984412345 -0.9175840193562228
-0.4871574361230847 -0.8733123790151391
-0.5719093646034645 -0.8203149052153547
-0.6509469721067993 -0.7591211304351371
-0.7234805423804236 -0.6903424817390094
-0.7887853452643925 -0.614666171609676
-0.8462088779427084 -0.5328483315584475
-0.8951773845239046 -0.44570645712075635
-0.9352015888096095 -0.3541112397237541
-0.9658815829712696 -0.2589778670391415
-0.9869108232890832 -0.16125687874509337
-0.99807919302912 -0.06192466906333588
-0.999275101855435 0.038026269033266835
-0.9904866008005944 0.13759726046612242
-0.9718015016542269 0.23579342646563645
-0.9434064995767266 0.33163362505439886
-0.9055853077046604 0.42416025427697446
-0.8587158223862679 0.512448820225831
-0.8032663473710511 0.5956171742630152
-0.7397909146800522 0.6728343271424695
-0.6689237489090732 0.7433287519653454
-0.591372930275608 0.8063960930080744
-0.5079133197261333 0.8614062033992698
-0.4193788167936411 0.9078094413274466
-0.32665402756221945 0.9451421618700467
-0.23066542598949685 0.9730313495713325
-0.13237209689995297 0.9911983454820505
-0.03275615314189892 0.9994616314215917
0.06718707734342805 0.9977386436432809
0.16645899649325405 0.9860465977812941
0.264067713768439 0.9645023168366352
0.3590379567792616 0.9333210639208898
0.45042081586828736 0.8928143914205887
0.5373032252858342 0.8433870280725994
0.6188170862254249 0.7855328350538175
0.6941479405650298 0.7198298714905229
0.7625431086490942 0.646934618691126
0.8233192098014656 0.5675754208117804
0.8758689904268752 0.48254520749346186
0.9196673914769649 0.3926935711834094
0.9542767946568549 0.2989182783015886
0.9793513949539903 0.20215629906966426
0.9946406558004874 0.10337444562932203
0.9999918123462115 0.0035597119906168873
0.9953513978307618 -0.09629058766976635
0.9807657778034006 -0.1951787838256372
0.9563806868531983 -0.29211681996881445
0.9224397724782409 -0.3861361249265646
0.8792821606430664 -0.4762972904881967
0.8273390673484488 -0.5616994576453322
0.7671294900695614 -0.6414893176617993
0.6992550221121859 -0.7148696380375917
0.6243938417001309 -0.7811072281784288
0.5432939358528242 -0.8395402651807171
0.4567656267577511 -0.8895849065352254
0.3656734753116405 -0.930741123677642
0.27092764272741154 -0.9625976980992145
0.17347479651871428 -0.9848363300980804
0.07428865172631452 -0.9972348191180836
-0.02563975810489022 -0.9996692838982499
-0.12531198298919982 -0.99211540024997
-0.22373213266580494 -0.974648644094466
-0.31991682718845954 -0.9474435373322079
-0.41290502251629596 -0.9107719040793045
-0.5017676129318922 -0.8650001546939647
-0.5856167143425675 -0.8105856247301055
-0.6636145357093866 -0.7480720053980251
-0.7349817499636413 -0.6780839111894037
-0.7990052807715234 -0.6013206389450498
-0.8550454273443499 -0.5185491807226298
-0.9025422561057179 -0.43059656027739207
-0.9410211953522828 -0.33834156972711876
-0.9700977770082594 -0.24270598896568746
-0.9894814780956968 -0.1446453755578218
-0.9989786235378996 -0.04513951713921047
-0.9984943212922059 0.05481735828169783
