0.0 1.0
0.09500416666666665 0.9001625
0.18006416803819442 0.8012667347222222
0.2553175363026823 0.7041634208633971
0.3209819605401623 0.609605275561125
0.37734558893117326 0.5182491851861402
0.4247575838822942 0.4306590789383702
0.4636189958055038 0.34730941285277656
0.4943740120026779 0.26858917299974877
0.5175016281678619 0.19480631040841528
0.5335077814801434 0.1261925244602842
0.542917976162235 0.06290831610977746
0.5462704247591968 0.005048237206521207
0.5441097212751352 -0.04735373265447839
0.5369810557129105 -0.0943187450155634
0.5254249735057154 -0.13591763502386406
0.509972677816358 -0.17226551989093492
0.4911418677109406 -0.20351649032753527
0.4694331007838455 -0.2298584365814481
0.44532666491133355 -0.25150804546496636
0.4192799404282342 -0.2687059996702049
0.39172523113916297 -0.2817124057685649
0.363068040172286 -0.29080247260432934
0.3336857647370728 -0.2962624573455625
0.3039267823327762 -0.2983858922676999
0.27410989984485185 -0.2974701014316302
0.24452413623417424 -0.29381301278979344
0.21542880913979207 -0.28771026791820664
0.1870538956506038 -0.27945262853324104
0.15960063772501576 -0.26932367621009284
0.13324236322073515 -0.25759779927300136
0.1081254942100695 -0.24453845867056634
0.08437071517077258 -0.23039672277589282
0.06207427473072579 -0.21541005945162456
0.04130939587970857 -0.19980137238335333
0.02212777091748648 -0.18377826759908544
0.00456111886002385 -0.16753253524386846
-0.011377215448197284 -0.15123983105282293
-0.025690639689511897 -0.13505954154744362
-0.038397687459442845 -0.11913481675336506
-0.04953040262336169 -0.1035927541867395
-0.059132748961564806 -0.08854471796472393
-0.06725905781789088 -0.07408677714711814
-0.07397252489565208 -0.06030024779491886
-0.07934376581687286 -0.04725232372175297
-0.08344943858700668 -0.034996781500555296
-0.08637093969631182 -0.02357474595573386
-0.08819317924834918 -0.013015503106313258
-0.0890034392416782 -0.003337348314763334
-0.08889031794753058 0.005451541773234786
-0.08794276222756948 0.013352224052789644
-0.08624918862418766 0.020374100223714307
-0.0838966931325003 0.026534033283546324
-0.08097034872861764 0.03185547715274251
-0.07755258898243064 0.036367626458177295
-0.0737226754237118 0.040104592640777356
-0.06955624575582067 0.043104611716070634
-0.06512493951909201 0.04540928820836104
-0.060496097392921236 0.0470628790050872
-0.05573252998804298 0.048111620141816795
-0.050892351714544246 0.0486030988336472
-0.046028875112482326 0.048585672418190125
-0.04119056089607552 0.04810793527080452
-0.0364210188846211 0.04721823419566982
-0.03175905496878098 0.04596423228744399
-0.027238759284823496 0.0443925207978762
-0.02288963083697862 0.04254827812960682
-0.018736733914461703 0.04047497471481699
-0.014800881790239546 0.03821412221832495
-0.011098843358669942 0.035805065231766485
-0.007643568564313422 0.0332848133959443
-0.004444428690248716 0.03068791170033884
-0.0015074678070815723 0.028046346559982765
0.0011643380702950176 0.025389485158089097
0.0035708173158285478 0.022744045465531725
0.00571433745155033 0.020134094302957508
0.007599541004708396 0.017581070795349325
0.009233084869872139 0.015103832579617154
0.010623385320700469 0.012718722160624816
0.01178037055825211 0.010439650867341388
0.012715242431496604 0.008278197935961915
0.013440248722818819 0.006243722338361342
0.0139684671583126 0.0043434850797010585
0.014313602080806854 0.0025827798060702144
0.014489794513908817 9.650696894963583E-4
0.01451144614871745 -5.078713085938801E-4
0.014393057601885112 -0.0018358145553092494
0.014149081124827642 -0.003019931862895989
0.013793787789366428 -0.004062651076897424
0.01334114903503308 -0.004967513464113277
0.01280473233763356 -0.00573903408508899
0.012197610647276189 -0.006382566194745513
0.011532285146621052 -0.006904170577146543
0.010820620796206057 -0.007310490587267786
0.010073794062856509 -0.007608633544820998
0.009302252168821605 -0.007806059003403229
0.008515683152769812 -0.007910474303073048
0.007722995998429889 -0.007929737706366262
0.006932310061758907 -0.007871769317107752
0.006150953012296348 -0.007744469888403361
0.005385466498047394 -0.007555647541058928
0.004641618745041479 -0.007312952336436702
0.003924423311844224 -0.007023818578404747
0.0032381632349777825 -0.0066954146574722635
0.002586419822654452 -0.0063346001962765785
0.0019721053806978626 -0.00594789020908225
0.0013974991852858047 -0.00554142594860505
8.64286051497991E-4 -0.005120952080976618
3.7359688392263465E-4 -0.004691799803676305
-7.394936486475572E-5 -0.004258875501403105
-4.7820286088246026E-4 -0.0038266545207472674
-8.394396709196886E-4 -0.003399179635736408
-0.001158318607820351 -0.0029800637724509086
-0.0014358385431977743 -0.002572496561498375
-0.0016732965489836703 -0.0021792542917753958
-0.0018722471869417941 -0.001802712847197867
-0.002034463223992236 -0.001444863219526334
-0.00216189801119469 -0.0011073292046375111
-0.002256649725786165 -7.913869061976381E-4
-0.002320927638979083 -4.97985689293255E-4
-0.002357020537480582 -2.2777024680359766E-4
-0.002367267394038463 1.8896537191217958E-5
-0.0023540303518652063 2.4191022020718554E-4
-0.002319670059618924 4.4140120048424467E-4
-0.002266523367779761 6.177111290866118E-4
-0.002196883373775893 7.713695580228703E-4
-0.002112981782083978 9.030710239631959E-4
-0.002016973526731469 0.0010136527439970069
-0.001910923587119451 0.0011040730772640566
-0.0017967959138037997 0.001175390884370667
-0.0016764443687431831 0.0012287458954133123
-0.001551605574455429 0.0012653401772954578
-0.0014238935584184205 0.0012864207719412153
-0.001294796072798433 0.0012932635590621108
-0.001165672465070844 0.0012871583803837352
-0.0010377529721932951 0.0012693954467325086
-9.121393095737445E-4 0.0012412530351484322
-7.898064260173905E-4 0.0012039864702417628
-6.716052970083797E-4 0.0011588183723507614
-5.582666309562988E-4 0.0011069301446723924
-4.504053662871966E-4 0.0010494546624054731
-3.4852584136052853E-4 9.874701190338766E-4
-2.5302752402690505E-4 9.219949781450878E-4
-1.6421119309124941E-4 8.539839735784337E-4
-8.228546990146727E-5 7.843250961732701E-4
-7.373604639248797E-6 7.138375018808352E-4
6.047957145144476E-5 6.432702734508886E-4
1.2130060979340324E-4 5.733019662391339E-4
1.751803990636455E-4 5.045408678351535E-4
2.2226717849946012E-4 4.375259011132856E-4
2.627596707670628E-4 3.7272810089019546E-4
2.9690038831001094E-4 3.105525955627381E-4
3.2496916031412085E-4 2.513410268288409E-4
3.472769208422876E-4 1.9537434279480703E-4
3.6415979235015155E-4 1.42875902378843E-4
3.759734927293758E-4 9.401483186936274E-5
3.830880882705727E-4 4.890957772709483E-5
3.858831095179128E-4 7.631603174693801E-6
3.8474304192185206E-4 -2.979082025775107E-5
3.80053198499659E-4 -6.336877131885181E-5
3.721959773950726E-4 -9.31488290247673E-5
3.615475032935226E-4 -1.1920925147611148E-4
3.484746480988255E-4 -1.4165621709268025E-4
3.333324231083053E-4 -1.606201580657786E-4
3.164617321297076E-4 -1.7625221211527172E-4
2.981874725559127E-4 -1.8872081503108605E-4
2.788169693405433E-4 -1.9820845300103402E-4
2.586387250850783E-4 -2.0490859039926716E-4
2.3792146804011005E-4 -2.090227855497173E-4
2.1691347872241992E-4 -2.10758004000658E-4
1.9584217503684903E-4 -2.1032413606103355E-4
1.749139352478058E-4 -2.0793172276460341E-4
1.5431413784929257E-4 -2.037898920496974E-4
1.342073973137495E-4 -1.981045047734429E-4
1.1473797483781942E-4 -1.9107650822041932E-4
9.60303435263792E-5 -1.8290049301545122E-4
7.818988794414628E-5 -1.737634478054585E-4
6.130371859653183E-5 -1.638437047310747E-4
4.544158265842678E-5 -1.5331006755881738E-4
3.065685313220857E-5 -1.4232111338139224E-4
1.6987579566198207E-5 -1.3102465800862535E-4
4.457584484733805E-6 -1.1955737455505958E-4
-6.922409245400381E-6 -1.0804455427223722E-4
-1.715363377555295E-5 -9.659999836339784E-5
-2.6248126890153753E-5 -8.532602934464052E-5
-3.4227589256381126E-5 -7.431361046818499E-5
-4.112225854282981E-5 -6.364256178875612E-5
-4.6969809507145416E-5 -5.3381861621858425E-5
-5.181428803969419E-5 -4.3590022401467706E-5
-5.570508606740177E-5 -3.4315530283323396E-5
-5.86959631763679E-5 -2.5597338247733647E-5
-6.0844119810126185E-5 -1.7465402922157352E-5
-6.22093259478277E-5 -9.941255858788605E-6
-6.28531082675642E-5 -3.0386005564183834E-6
-6.283799795796637E-5 3.23607290000275E-6
-6.222684055869885E-5 8.882863102847023E-6
-6.108216848929841E-5 1.3907829389395253E-5
-5.946563626698513E-5 1.8322366988250226E-5
-5.743751781794848E-5 2.2142590892908827E-5
-5.5056264752873334E-5 2.5388733490334058E-5
-5.237812400526317E-5 2.8084560363118934E-5
-4.9456812819073254E-5 3.0256808090549404E-5
-4.63432487184785E-5 3.193464730067455E-5
-4.308533179507802E-5 3.3149173675918574E-5
-3.972777640396589E-5 3.393292909179728E-5
-3.63119891670881E-5 3.431945457437341E-5
-3.287599003715431E-5 3.434287629913264E-5
-2.945437307490588E-5 3.4037525423439464E-5
-2.6078303533461156E-5 3.343759214764736E-5
-2.277554782238898E-5 3.257681403688348E-5
-1.9570532937685015E-5 3.148819830671901E-5
-1.648443198852162E-5 3.0203777481239266E-5
-1.3535272524119865E-5 2.875439757099888E-5
-1.0738064461018513E-5 2.716953769026452E-5
-8.104944529141419E-6 2.547715983684475E-5
-5.645334291250998E-6 2.37035873925044E-5
-3.366108941607898E-6 2.18734107661003E-5
-1.2717742530657394E-6 2.0009418493646436E-5
6.353507852975466E-7 1.8132552027887643E-5
2.3549479181180506E-6 1.6261882392905206E-5
3.888512255016445E-6 1.4414606844999325E-5
5.239165490253989E-6 1.2606063667750746E-5
6.411471430752698E-6 1.0849763234891343E-5
7.411255366832216E-6 9.157433497542078E-6
8.245428637465265E-6 7.539078090651465E-6
8.92181956382145E-6 6.003045305264193E-6
9.449011752618517E-6 4.556106236788659E-6
9.836190605418437E-6 3.20354049299221E-6
1.0092998712411896E-5 1.949227927380826E-6
1.0229400660186114E-5 7.957449523405111E-7
1.0255557643071531E-5 -2.5553591955921633E-7
1.018171213737223E-5 -1.204344559772198E-6
1.0018082777427572E-5 -2.0514108866368755E-6
9.774769462227474E-6 -2.7983627581094582E-6
9.461668621294817E-6 -3.447625043364408E-6
9.088398478734593E-6 -4.002320720739777E-6
8.664234074614093E-6 -4.4661747495897E-6
8.19805173298098E-6 -4.843421366091188E-6
7.69828260557055E-6 -5.13871535863614E-6
7.172874869259199E-6 -5.35704778772503E-6
6.629264113191452E-6 -5.503666528776278E-6
6.074351417800077E-6 -5.584001934396569E-6
5.514488602171643E-6 -5.6035978357598325E-6
4.955470097872981E-6 -5.568048031074309E-6
4.402530895914406E-6 -5.482938342861935E-6
3.86035000843584E-6 -5.353794265047058E-6
3.333058887406159E-6 -5.186034165703529E-6
2.8242542485661702E-6 -4.984927961734052E-6
2.3370147594668584E-6 -4.75556113769425E-6
1.8739210652104077E-6 -4.50280394232055E-6
1.4370786438583454E-6 -4.231285562928549E-6
1.028143004911639E-6 -3.945373049533896E-6
6.483467682944728E-7 -3.6491547370968486E-6
2.98528187412111E-7 -3.3464278954647847E-6
-2.0839292345766518E-8 -3.0406903221229174E-6
-3.096168192441147E-7 -2.735135582484738E-6
-5.679696146854119E-7 -2.4326515958701467E-6
-7.963364658704125E-7 -2.1358222622322857E-6
-9.953995204568652E-7 -1.8469318248003727E-6
-1.1660546416799623E-6 -1.5679716668004614E-6
-1.3093825524731646E-6 -1.300649245995667E-6
-1.4266209678776576E-6 -1.0463988786529887E-6
-1.519137886666944E-6 -8.063940944030606E-7
-1.5884061858250713E-6 -5.81561295028541E-7
-1.635979635460024E-6 -3.7259446322363964E-7
-1.6634704270384765E-6 -1.7997068155103284E-7
-1.672528284599645E-6 -3.96623693624699E-9
-1.6648212069256776E-6 1.5532689814869436E-7
-1.6420178685726685E-6 2.979844003677423E-7
-1.6057716892379636E-6 4.242329220515504E-7
-1.5577065641745741E-6 5.344335688892071E-7
-1.4994042332633853E-6 6.290656714958328E-7
-1.4323932529035437E-6 7.087109771955278E-7
-1.358139523051863E-6 7.740383723408263E-7
-1.278038311491516E-6 8.257892299468555E-7
-1.1934077086858975E-6 8.647634624533614E-7
-1.105483439313086E-6 8.918063451279538E-7
-1.015414950709479E-6 9.07796162061982E-7
-9.242626939011531E-7 9.136327139451473E-7
-8.329965095862004E-7 9.102267148818162E-7
-7.424950292647826E-7 8.984900944642819E-7
-6.535460006071691E-7 8.793272111676471E-7
-5.668474460132614E-7 8.53626973888714E-7
-4.83009564059045E-7 8.222558601187178E-7
-4.025572850553976E-7 7.860518118095749E-7
-3.2593339417317105E-7 7.458189834503204E-7
-2.5350213842778924E-7 7.023233111923593E-7
-1.8555323718165083E-7 6.562888670207422E-7
-1.2230621963135643E-7 6.083949579303039E-7
-6.391501692076795E-8 5.592739267921645E-7
-1.0472740985700308E-8 5.095096090460953E-7
3.798341307848066E-8 4.5963639748301806E-7
8.146719949447756E-8 4.101388661426304E-7
1.2003834255907973E-7 3.6145190369547564E-7
1.5379759413737977E-7 3.1396130655740534E-7
1.8288187139411325E-7 2.680047823476204E-7
2.0745951335865875E-7 2.2387331509975162E-7
2.2772569011738121E-7 1.818128448197686E-7
2.4389799375987864E-7 1.4202621550688158E-7
2.562122357057576E-7 1.0467534756738415E-7
