0.0 1.0
0.09501187648456058 0.9002375296912114
0.18009377062869203 0.8014003531914173
0.2553807696462676 0.7043396271600938
0.32108818899807573 0.6098087598760685
0.377501904002937 0.5184655402211567
0.4249689296581398 0.4308749728829
0.46388831458925556 0.3475127257394145
0.4947024058016025 0.2687690985075247
0.5178885319980343 0.19495342542111105
0.5339511447126385 0.12629882887097318
0.5434144484309607 0.06296724549547102
0.546815543259837 0.005054651082054842
0.5446980966013155 -0.047403584252481465
0.5376065536956104 -0.09442727386162256
0.5260808908408453 -0.1360859832336802
0.510651909579494 -0.17249364199334588
0.49183706516407166 -0.2038032463151018
0.4701368181737339 -0.23020169349165426
0.44603149424020977 -0.25190478517882736
0.41997863344298053 -0.2691524307657576
0.39241080803320316 -0.2822040774297895
0.36373388472380175 -0.29133438875823836
0.3343257058169677 -0.2968291893784428
0.3045351619053961 -0.2989816888529894
0.2746816277535425 -0.2980889941840828
0.2450547322122826 -0.2944489166411142
0.21591443261591886 -0.28835707528616056
0.18749136402523414 -0.28010429652753355
0.15998743388473102 -0.2699743062825287
0.1335766331268436 -0.25824170887522
0.10840603545163577 -0.24517024462893616
0.0845969574087362 -0.23101131622905519
0.06224625298123102 -0.21600277232104836
0.041427717592146945 -0.2003679354606332
0.02219357779734974 -0.1843148604353108
0.004576044369779351 -0.1680358081160969
-0.011411092004053037 -0.1517069193605508
-0.02577084162498873 -0.13548807305816302
-0.038521390886453205 -0.11952291217112646
-0.049694487573085394 -0.10393902156151734
-0.059333850725851484 -0.08884824149380441
-0.06749361784770534 -0.07434710094327271
-0.07423684065539062 -0.06051735521043264
-0.07963403905706881 -0.04742661282313146
-0.08376182156255842 -0.0351290372866605
-0.08670157892203895 -0.023666109902950108
-0.08853825644763022 -0.013067440608875373
-0.089359209206442 -0.0033516145673599933
-0.08925314308834582 0.005472936929283237
-0.08830914365046454 0.01340705182834247
-0.0866157936256792 0.02045994866736432
-0.08426037905573637 0.026648342731492268
-0.0813281831712443 0.03199557495834923
-0.07790186639054011 0.03653076065573428
-0.07406093014585971 0.04028796423787387
-0.06988126166650893 0.04330540534914153
-0.06543475635226029 0.045624700935831354
-0.06078901395288314 0.04729014705171139
-0.05600710442800376 0.04834804344587634
-0.05114739909144542 0.04884606328529047
-0.046263462441577224 0.04883266971207341
-0.04140399993952 0.048356580329071044
-0.03661285691566755 0.04746628014797797
-0.0319290637571154 0.04620958302306497
-0.02738692254942697 0.04463324113070366
-0.023016130410883025 0.042782601640175215
-0.01884193486117097 0.040701309354065865
-0.014885316704674585 0.03843105377586176
-0.011163196076541997 0.03601135878679001
-0.007688657493110443 0.03347941288184108
-0.004471189962801977 0.030869937724328236
-0.0015169384452277876 0.028215092627155533
0.001171036808873583 0.025544412454871875
0.003592496249674362 0.0228847763611437
0.0057497553041788736 0.020260404728946527
0.007647419623773894 0.01769288166295387
0.009292123726554432 0.015201200392656915
0.010692275195089272 0.01280182897803989
0.011857806332218529 0.010508793764545242
0.012799934925846492 0.008333778108014028
0.01353093553028561 0.006286233980768306
0.014063922438053213 0.004373504174583763
0.014412645293414838 0.0026009529326487353
0.01459129808847213 9.721029684970953E-4
0.014614342085058685 -5.112230367660003E-4
0.014496343021778976 -0.0018487582288281745
0.014251822795658583 -0.003041646293579661
0.013895125652346223 -0.0040922965726675415
0.013440298777734836 -0.005004240919560208
0.01290098705721731 -0.0057819934907902895
0.012290341656395348 -0.0064309145256489595
0.011620941978631097 -0.006957079029636032
0.010904730469978594 -0.007367151143414015
0.0101529596702719 -0.007668264850719846
0.009376150849917178 -0.00786791155637458
0.008584063524608823 -0.007973834949792525
0.007785675104084075 -0.007993933460702422
0.006989169905423113 -0.00793617051251682
0.00620193674553827 -0.007808492685180046
0.005430574320601742 -0.007618755813550518
0.00468090358144919 -0.007374658969500513
0.003957986322677412 -0.007083686205935065
0.0032661492184428336 -0.006753055878756499
0.0026090125590909436 -0.006389677308281298
0.0019895229689497708 -0.006000114494542161
0.0014099894161716568 -0.005590556561020118
8.721218597033717E-4 -0.005166794568345585
3.7707191563394137E-4 -0.00473420431304302
-7.452503532327646E-5 -0.0042977347061013355
-4.825068362102287E-4 -0.0038619013116377083
-8.471411326308651E-4 -0.0034307846167750174
-0.001169081993452098 -0.0030080325996496367
-0.001449326981573431 -0.002596867162777027
-0.0016891750398820634 -0.0022000940033956203
-0.0018901855150746066 -0.0018201155004552436
-0.002054138600556936 -0.0014589462091913375
-0.0021829974394323272 -0.0011182305683164833
-0.0022788720899163998 -7.992624413649741E-4
-0.0023439855185975545 -5.030061322581215E-4
-0.00238064175197791 -2.3011853534899256E-4
-0.0023911962838306508 1.9027898294176287E-5
-0.0023780288052096805 2.4432167412522296E-4
-0.0023435182955293286 4.4588851948182124E-4
-0.0022900204870487315 6.240676501301269E-4
-0.0022198476913734286 7.79388263375932E-4
-0.002135250955226673 9.125464595591814E-4
-0.002038404493723536 0.001024382770503555
-0.001931392332660379 0.0011158604507595933
-0.0018161970768511046 0.0011880446654258933
-0.0016946907092246486 0.001242082687103225
-0.0015686273151567665 0.001279185194254414
-0.0014396376182434884 0.0013006087440111485
-0.0013092252073244079 0.0013076394743704628
-0.0011787643299147467 0.0013015780738227594
-0.001049499124183773 0.0012837260407967117
-9.225441600977018E-4 0.0012553732409247142
-7.988861601994025E-4 0.0012177867570412702
-6.793867715959592E-4 0.001172201015027595
-5.647862629396749E-4 0.0011198091580980922
-4.557080233914491E-4 0.0010617556328664226
-3.526637446231835E-4 9.991299424988887E-4
-2.5605917172721697E-4 9.329615154204422E-4
-1.662003143393972E-4 8.64215632335953E-4
-8.330001523698171E-5 7.937903497123565E-4
-7.484780037532245E-6 7.225143542766327E-4
6.119822169914323E-5 6.511456804568767E-4
1.2277406677010946E-4 5.803712209624479E-4
1.7733297580801373E-4 5.108069597956374E-4
2.250232666398652E-4 4.4299885684139206E-4
2.660444251680741E-4 3.7742431372278615E-4
3.006403484425997E-4 3.144941517677268E-4
3.290928077628465E-4 2.5455503463720777E-4
3.517151730121639E-4 1.9789227034913988E-4
3.6884643303102677E-4 1.447329300281175E-4
3.808455407152611E-4 9.524922365656877E-5
3.8808610571486253E-4 4.956207633546108E-5
3.90951452132888E-4 7.744852025048089E-6
3.8983005350280757E-4 -3.017282462665628E-5
3.851113525715204E-4 -6.42011939990856E-5
3.771819690439516E-4 -9.43864765522904E-5
3.664222944592022E-4 -1.2080701514269863E-4
3.5320346976887827E-4 -1.435694786637788E-4
3.378847379729426E-4 -1.628051572549342E-4
3.208111613312722E-4 -1.786663755784745E-4
3.023116902011023E-4 -1.9132304702492331E-4
2.8269756844005923E-4 -2.0095938819593832E-4
2.6226105854761827E-4 -2.0777080965288122E-4
2.412744682787097E-4 -2.119609957252891E-4
2.1998945933436533E-4 -2.137391831615985E-4
1.9863661789699556E-4 -2.133176455857968E-4
1.7742526621237356E-4 -2.1090938810664324E-4
1.565434941062204E-4 -2.067260540164198E-4
1.3615838923954765E-4 -2.0097604331703546E-4
1.1641644503251555E-4 -1.938628408236065E-4
9.744412550042697E-5 -1.8558354981816508E-4
7.934856672672754E-5 -1.7632762565582337E-4
6.221839532604728E-5 -1.6627580235778185E-4
4.612464500546921E-5 -1.5559920405377962E-4
3.112175319510787E-5 -1.4445863215344713E-4
1.7248620671288147E-5 -1.3300401832294723E-4
4.529718119600577E-6 -1.213740327108041E-4
-7.023775335675825E-6 -1.0969583639472393E-4
-1.7412815490349472E-5 -9.808496669874901E-5
-2.6649331017592373E-5 -8.664534384610902E-5
-3.4755067577709184E-5 -7.546938735622714E-5
-4.17604484781692E-5 -6.463823065297319E-5
-4.770346113651264E-5 -5.422202251389565E-5
-5.262857747447654E-5 -4.4280304245382295E-5
-5.658571527700941E-5 -3.4862451805275124E-5
-5.962924649234667E-5 -2.6008172501470057E-5
-6.181705743551558E-5 -1.774804636190804E-5
-6.320966489301033E-5 -1.0104102787986995E-5
-6.38693912154176E-5 -3.0904236601583307E-6
-6.385960063103635E-5 3.2862353477831277E-6
-6.324399821969811E-5 9.025812878981614E-6
-6.208599225390556E-5 1.4134306436869256E-5
-6.044811994515833E-5 1.8623139738075228E-5
-5.839153602731196E-5 2.2508538618852365E-5
-5.597556306577106E-5 2.5810920611965616E-5
-5.325730190042624E-5 2.855430269493067E-5
-5.029130021016951E-5 3.076573111020374E-5
-4.71292768257788E-5 3.247473657761044E-5
-4.381989911376935E-5 3.371281766257841E-5
-4.0408610503957775E-5 3.451295453365319E-5
-3.6937505035183326E-5 3.490915484183579E-5
-3.3445245643867886E-5 3.493603298447291E-5
-2.996702281568106E-5 3.462842357926354E-5
-2.653455015819435E-5 3.4021029570470596E-5
-2.317609342865703E-5 3.314810502027584E-5
-1.9916529562461428E-5 3.204317230363617E-5
-1.677743229103537E-5 3.073877312488495E-5
-1.3777181009378675E-5 2.9266252508248957E-5
-1.0931089649880538E-5 2.7655574681713782E-5
-8.2515524371292E-6 2.5935169573312933E-5
-5.748203534975339E-6 2.41318084697643E-5
-3.4280877490833605E-6 2.2270507248075258E-5
-1.2958396126910155E-6 2.037445547977163E-5
6.461316424544654E-7 1.846496962313798E-5
2.397453546588932E-6 1.6561468459551345E-5
3.9596004142584714E-6 1.4681468893839436E-5
5.335703870137475E-6 1.2840600223740636E-5
6.530365630729757E-6 1.1052634988104993E-5
7.549474106413225E-6 9.329534525564375E-6
8.400026203348494E-6 7.681507413141018E-6
9.089955524296104E-6 6.117079005811178E-6
9.627967992666307E-6 4.6431703615928555E-6
1.0023385756272913E-5 3.265184910539287E-6
1.0286000067220717E-5 1.9871013084168013E-6
1.0425933682902975E-5 8.115710052283588E-7
1.0453513190844373E-5 -2.5998084640040637E-7
1.0379151527571915E-5 -1.2272524190487624E-6
1.0213240839170266E-5 -2.0909613489842226E-6
9.96605571889067E-6 -2.8527410566076747E-6
9.647666755227753E-6 -3.515038216650678E-6
9.267864232243234E-6 -4.081012243039708E-6
8.836091742490086E-6 -4.554437552023227E-6
8.361389401478425E-6 -4.9396092682099924E-6
7.852346290952638E-6 -5.2412529423057584E-6
7.3170617059784434E-6 -5.464438757178119E-6
6.7631147375720734E-6 -5.6145006109492746E-6
6.197541687897215E-6 -5.696960382547881E-6
5.626820788425221E-6 -5.717457606892008E-6
5.056863672385956E-6 -5.681684713893301E-6
4.49301304079331E-6 -5.595327917959618E-6
3.940045955757748E-6 -5.4640137827516095E-6
3.402182195136418E-6 -5.293261429674988E-6
2.883097108254536E-6 -5.088440307962654E-6
2.385938422898205E-6 -4.85473339916396E-6
1.913346468474559E-6 -4.597105689308953E-6
1.4674772986187224E-6 -4.32027770780778E-6
1.050028218073476E-6 -4.028703903097144E-6
6.62265242871498E-7 -3.7265556009424147E-6
3.050520492291237E-7 -3.4177082719050716E-6
-2.1120005342517927E-8 -3.1057328195277603E-6
-3.1610117581858773E-7 -2.7938905899936354E-6
-5.80052295172764E-7 -2.4851317970898916E-6
-8.134137376745459E-7 -2.182097052945744E-6
-1.0168746750676115E-6 -1.8871216949155709E-6
-1.1913428899048743E-6 -1.6022426018296837E-6
-1.337915379912897E-6 -1.3292071983307723E-6
-1.4578499575219355E-6 -1.0694843538499922E-6
-1.552538019847246E-6 -8.242768926562224E-7
-1.623478636632411E-6 -5.945354430470747E-7
-1.672254077127941E-6 -3.80973366863527E-7
-1.7005068717129414E-6 -1.840825248364824E-7
-1.7099184803828545E-6 -4.149648561779502E-9
-1.7021896181066203E-6 1.5872689408646023E-7
-1.6790222665634571E-6 3.0462013677680105E-7
-1.642103382943032E-6 4.3375753563170044E-7
-1.5930902993535923E-6 5.46504136157092E-7
-1.5335977909331864E-6 6.433460322510252E-7
-1.4651867769856629E-6 7.248742466994441E-7
-1.3893546073373279E-6 7.917691462672586E-7
-1.3075268755906178E-6 8.447854886669456E-7
-1.2210506919852518E-6 8.847381834403732E-7
-1.131189341102626E-6 9.124888342121414E-7
-1.0391182435950467E-6 9.289331159394457E-7
-9.459221364103248E-7 9.349890277549924E-7
-8.525933825314166E-7 9.315860498231713E-7
-7.600313189732464E-7 9.196552213402342E-7
-6.690425505847526E-7 9.001201464296404E-7
-5.803420970019614E-7 8.738889252261849E-7
-4.945553007951888E-7 8.418469989092697E-7
-4.122204063582264E-7 8.048508898299781E-7
-3.337917213085457E-7 7.63722811163636E-7
-2.596432750159981E-7 7.192461146873156E-7
-1.9007289226653344E-7 6.721615403019775E-7
-1.2530660391353537E-7 6.23164226757983E-7
-6.550332059252257E-8 5.72901439662273E-7
-1.0759700099230494E-8 5.219709702035686E-7
3.8884856215119165E-8 4.709201560834245E-7
8.344313776121595E-8 4.2024547483851096E-7
1.2297504445484542E-7 3.7039265903407845E-7
1.5758254153905787E-7 3.217572826501708E-7
1.8740469408758215E-7 2.7468576832031454E-7
2.126128207969347E-7 2.2947676586673618E-7
2.3340580177811182E-7 1.863828537568067E-7
2.500055702976274E-7 1.456125166335042E-7
2.6265281382433736E-7 1.0733235390069596E-7
