1.0 -2.0
0.9801986733333333 -1.9603973466666667
0.9607894392044267 -1.9215788784088534
0.9417645336608564 -1.8835290673217129
0.9231163464867568 -1.8462326929735138
0.9048374181586326 -1.8096748363172654
0.8869204368614503 -1.7738408737229006
0.869358235563814 -1.738716471127628
0.8521437891510579 -1.7042875783021159
0.8352702116151067 -1.6705404232302135
0.8187307532999802 -1.6374615065999603
0.8025187982018412 -1.6050375964036825
0.7866278613225058 -1.5732557226450117
0.7710515860753575 -1.542103172150715
0.7557837417426279 -1.511567483485256
0.7408182209830264 -1.481636441966053
0.7261490373887226 -1.4522980747774454
0.711770323090703 -1.423540646181406
0.6976763264115451 -1.3953526528230902
0.6838614095646701 -1.3677228191293402
0.670320046399153 -1.340640092798306
0.6570468201891883 -1.3140936403783765
0.6440364214673275 -1.288072842934655
0.6312836459006219 -1.2625672918012438
0.6187833922088194 -1.2375667844176388
0.6065306601237844 -1.2130613202475689
0.5945205483893244 -1.1890410967786487
0.5827482528006216 -1.1654965056012432
0.5712090642824872 -1.1424181285649746
0.5598983670056686 -1.1197967340113375
0.5488116365404562 -1.0976232730809123
0.5379444380468507 -1.0758888760937013
0.5272924245005686 -1.054584849001137
0.5168513349541741 -1.0337026699083482
0.5066169928326437 -1.0132339856652877
0.4965853042626802 -0.9931706085253605
0.48675225643510883 -0.9735045128702177
0.47711391599970016 -0.9542278319994003
0.46766642749177756 -0.935332854983555
0.4584060117899799 -0.9168120235799597
0.4493289646045627 -0.8986579292091252
0.44043165499563264 -0.8808633099912653
0.4317105239207235 -0.863421047841447
0.42316208281113143 -0.8463241656222629
0.41478291217644114 -0.8295658243528824
0.4065696602366841 -0.8131393204733682
0.39851904158158186 -0.7970380831631637
0.39062783585633803 -0.7812556717126761
0.38289288647345365 -0.7657857729469073
0.37531109935004986 -0.7506221987000997
0.3678794416701937 -0.7357588833403875
0.36059494067173126 -0.7211898813434625
0.353454682457143 -0.706909364914286
0.3464558108279462 -0.6929116216558924
0.33959552614217714 -0.6791910522843543
0.33287108419449735 -0.6657421683889947
0.3262797951184746 -0.6525595902369492
0.3198190223106006 -0.6396380446212012
0.31348618137561446 -0.6269723627512289
0.30727873909271 -0.61455747818542
0.3011942124022138 -0.6023884248044276
0.29523016741232816 -0.5904603348246563
0.28938421842554196 -0.5787684368510839
0.2836540269843198 -0.5673080539686396
0.2780373009356878 -0.5560746018713756
0.2725317935143419 -0.5450635870286838
0.26713530244391187 -0.5342706048878237
0.2618456690560212 -0.5236913381120423
0.256660777426791 -0.513321554853582
0.2515785535304425 -0.503157107060885
0.24659696440965873 -0.49319392881931745
0.2417140173623747 -0.4834280347247494
0.23692775914466996 -0.4738555182893399
0.23223627518944504 -0.46447255037889007
0.22763768884056895 -0.45527537768113785
0.22313016060219182 -0.44626032120438364
0.21871188740292202 -0.43742377480584405
0.21438110187457354 -0.4287622037491471
0.21013607164519515 -0.42027214329039037
0.2059750986460986 -0.4119501972921972
0.2018965184326083 -0.40379303686521656
0.19789869951826156 -0.39579739903652306
0.19398004272219194 -0.3879600854443839
0.19013898052943587 -0.3802779610588717
0.18637397646390555 -0.37274795292781104
0.1826835244737781 -0.36536704894755617
0.17906614832905485 -0.3581322966581097
0.17552040103104943 -0.35104080206209887
0.1720448642335693 -0.3440897284671386
0.16863814767555807 -0.33727629535111614
0.16529888862497277 -0.33059777724994555
0.16202575133367272 -0.32405150266734545
0.15881742650310257 -0.3176348530062051
0.15567263076055532 -0.3113452615211106
0.15259010614580618 -0.30518021229161235
0.14956861960791173 -0.29913723921582347
0.14660696251197308 -0.2932139250239461
0.14370395015566576 -0.2874079003113315
0.14085842129534304 -0.2817168425906861
0.138069237681523 -0.276138475363046
0.1353352836035735 -0.270670567207147
0.13265546544341317 -0.26531093088682633
0.13002871123804943 -0.26005742247609887
0.12745397025077915 -0.2549079405015583
0.12493021255087985 -0.2498604251017597
0.12245642860162378 -0.24491285720324757
0.12003162885644969 -0.24006325771289938
0.11765484336313103 -0.23530968672626207
0.11532512137578217 -0.23065024275156434
0.11304153097454733 -0.22608306194909467
0.1108031586928202 -0.2216063173856404
0.10860910915184516 -0.2172182183036903
0.10645850470255382 -0.21291700940510763
0.10435048507449368 -0.20870097014898736
0.10228420703170851 -0.20456841406341703
0.10025884403543268 -0.20051768807086537
0.09827358591346469 -0.19654717182692938
0.09632763853608745 -0.1926552770721749
0.09442022349840579 -0.18884044699681157
0.09255057780897417 -0.18510115561794838
0.09071795358458992 -0.18143590716917987
0.08892161775112996 -0.17784323550225992
0.08716085175031137 -0.17432170350062273
0.08543495125225854 -0.17086990250451708
0.08374322587376183 -0.16748645174752366
0.08208499890211503 -0.16416999780423006
0.08045960702442127 -0.16091921404884255
0.07886640006225908 -0.15773280012451815
0.07730474071160226 -0.15460948142320452
0.07577400428788986 -0.1515480085757797
0.07427357847614395 -0.1485471569522879
0.07280286308603552 -0.14560572617207104
0.07136126981180033 -0.14272253962360065
0.06994822199690873 -0.13989644399381745
0.06856315440339542 -0.13712630880679083
0.06720551298575668 -0.13441102597151336
0.0658747546693248 -0.1317495093386496
0.06457034713303098 -0.12914069426606195
0.06329176859646976 -0.12658353719293952
0.06203850761117999 -0.12407701522235998
0.06081006285605853 -0.12162012571211706
0.05960594293682518 -0.11921188587365036
0.058425666189458415 -0.11685133237891682
0.05726876048752333 -0.11453752097504664
0.05613476305331479 -0.11226952610662957
0.05502322027274017 -0.11004644054548035
0.053933687513867686 -0.10786737502773537
0.05286572894906767 -0.10573145789813534
0.051818917380675726 -0.10363783476135145
0.050792834070107956 -0.10158566814021591
0.04978706857035995 -0.0995741371407199
0.04880121856182252 -0.09760243712364504
0.04783488969134848 -0.09566977938269695
0.04688769541450612 -0.09377539082901223
0.045959256840956315 -0.09191851368191263
0.04504920258289131 -0.0900984051657826
0.04415716860647463 -0.08831433721294926
0.04328279808622275 -0.0865655961724455
0.04242574126227008 -0.08485148252454015
0.041585655300460385 -0.08317131060092077
0.04076220415520857 -0.08152440831041714
0.03995505843507793 -0.07991011687015585
0.03916389527101919 -0.07832779054203838
0.03838839818721862 -0.07677679637443724
0.03762825697450343 -0.07525651394900686
0.03688316756625401 -0.07376633513250802
0.03615283191677321 -0.07230566383354642
0.035436957882064093 -0.07087391576412817
0.03473525910296844 -0.06947051820593686
0.03404745489061925 -0.0680949097812385
0.0333732701141615 -0.066746540228323
0.03271243509069609 -0.06542487018139218
0.032064685477403085 -0.06412937095480617
0.0314297621658011 -0.0628595243316022
0.030807411178100434 -0.06161482235620087
0.030197383565608547 -0.0603947671312171
0.029599435309147302 -0.059198870618294604
0.02901332722144201 -0.05802665444288402
0.028438824851443344 -0.05687764970288669
0.027875698390543796 -0.0557513967810876
0.027323722580651164 -0.05464744516130233
0.026782676624082315 -0.05356535324816463
0.026252344095241163 -0.05250468819048233
0.025732512854045556 -0.05146502570809111
0.0252229749610684 -0.0504459499221368
0.02472352659435913 -0.04944705318871826
0.024233967967912204 -0.04846793593582441
0.02375410325175004 -0.04750820650350008
0.023283740493588407 -0.046567480987176814
0.022822691542052968 -0.045645383084105935
0.022370771971416206 -0.04474154394283241
0.021927801007824682 -0.043855602015649364
0.021493601456987085 -0.04298720291397417
0.02106799963329414 -0.04213599926658828
0.020650825290342067 -0.041301650580684135
0.020241911552831744 -0.04048382310566349
0.01984109484981635 -0.03968218969963269
0.01944821484927082 -0.03889642969854163
0.01906311439395689 -0.038126228787913774
0.018685639438558114 -0.03737127887711623
0.018315638988059674 -0.03663127797611935
0.01795296503734837 -0.03590593007469674
0.017597472512008588 -0.035194945024017175
0.01724901921029062 -0.03449803842058124
0.016907465746228045 -0.03381493149245609
0.016572675493881507 -0.033145350987763014
0.016244514532686497 -0.032489029065372994
0.015922851593883357 -0.031845703187766715
0.015607558008008018 -0.03121511601601604
0.015298507653422503 -0.030597015306845006
0.014995576905864583 -0.02999115381172917
0.014698644588996435 -0.02939728917799287
0.014407591925932484 -0.02881518385186497
0.014122302491727067 -0.02824460498345413
0.013842662166802898 -0.027685324333605797
0.013568559091301726 -0.027137118182603455
0.01329988362033889 -0.02659976724067778
0.01303652828014391 -0.02607305656028782
0.012778387725069543 -0.025556775450139086
0.012525358695452118 -0.025050717390904236
0.012277339976306296 -0.024554679952612596
0.01203423235683773 -0.02406846471367546
0.011795938590757416 -0.02359187718151483
0.011562363357381889 -0.023124726714763778
0.011333413223503673 -0.02266682644700735
0.011108996606016757 -0.022217993212033514
0.010889023735282128 -0.021778047470564256
0.01067340661921872 -0.02134681323843744
0.010462059008105408 -0.020924118016210816
0.01025489636007997 -0.02050979272015994
0.010051835807321215 -0.020103671614642434
0.00985279612290075 -0.0197055922458015
0.009657697688291127 -0.019315395376582254
0.009466462461517363 -0.018932924923034725
0.00927901394593912 -0.01855802789187824
0.009095277159651024 -0.018190554319302048
0.008915178605488901 -0.017830357210977803
0.008738646241629938 -0.017477292483259875
0.008565609452774984 -0.01713121890554997
0.0083959990219015 -0.016791998043803
0.008229747102575813 -0.01645949420515163
0.008066787191813656 -0.016133574383627315
0.007907054103478072 -0.015814108206956144
0.007750483942204095 -0.01550096788440819
0.007597014077839757 -0.015194028155679514
0.007446583120393186 -0.014893166240786375
0.007299130895475795 -0.01459826179095159
0.00715459842023172 -0.01430919684046344
0.0070129278797438944 -0.014025855759487789
0.0068740626039073115 -0.013748125207814623
0.006737947044760225 -0.013475894089520452
0.006604526754264227 -0.013209053508528454
0.006473748362524301 -0.012947496725048602
0.006345559556440159 -0.012691119112880317
0.006219909058780299 -0.012439818117560598
0.0060967466076704314 -0.012193493215340863
0.005976022936488057 -0.011952045872976115
0.005857689754155165 -0.01171537950831033
0.005741699725821152 -0.011483399451642303
0.005628006453928257 -0.011256012907856513
0.005516564459651915 -0.01103312891930383
0.005407329164708624 -0.010814658329417248
0.005300256873524035 -0.01060051374704807
0.00519530475575414 -0.010390609511508279
0.005092430829152565 -0.01018486165830513
0.0049915939427771115 -0.009983187885554223
0.004892753760528827 -0.009785507521057654
0.004795870745017034 -0.009591741490034068
0.004700906141743842 -0.009401812283487684
0.004607821963601833 -0.009215643927203665
0.0045165809756787115 -0.009033161951357423
0.004427146680362845 -0.00885429336072569
0.004339483302743731 -0.008678966605487462
0.004253555776301557 -0.008507111552603114
0.004169329728880123 -0.008338659457760246
0.004086771468937523 -0.008173542937875046
0.004005847972069078 -0.008011695944138156
0.003926526867797134 -0.007853053735594268
0.0038487764266224396 -0.007697552853244879
0.0037725655473319227 -0.007545131094663845
0.0036978637445577913 -0.007395727489115583
0.0036246411365829794 -0.007249282273165959
0.003552868433388062 -0.007105736866776124
0.0034825169249348567 -0.0069650338498697135
0.003413558469682026 -0.006827116939364052
0.0033459654833280857 -0.006691930966656171
0.003279710927777315 -0.00655942185555463
0.00321476830032416 -0.00642953660064832
0.003151111623051796 -0.006302223246103592
0.0030887154324406173 -0.006177430864881235
0.003027554769182486 -0.006055109538364972
0.002967605168196679 -0.005935210336393358
0.0029088426488435284 -0.005817685297687057
0.0028512437053318457 -0.005702487410663691
0.002794785297316293 -0.005589570594632586
0.0027394448406809356 -0.005478889681361871
0.0026852001985052977 -0.005370400397010595
0.002632029672209296 -0.005264059344418592
0.00257991199287352 -0.005159823985747041
0.002528826312731381 -0.005057652625462762
0.0024787521968297247 -0.0049575043936594485
0.0024296696148545815 -0.004859339229709163
0.0023815589331187717 -0.004763117866237543
0.0023344009067081685 -0.004668801813416337
0.002288176671783477 -0.004576353343566954
0.0022428677380344464 -0.004485735476068893
0.0021984559812834987 -0.004396911962566997
0.002154923636235817 -0.004309847272471634
0.0021122532893729905 -0.004224506578745981
0.002070427871987375 -0.00414085574397475
0.002029430653354381 -0.004058861306708763
0.0019892452340399642 -0.0039784904680799284
0.0019498555393406291 -0.0038997110786812583
0.0019112458128533359 -0.0038224916257066717
0.001873400610172728 -0.003746801220345456
0.001836304792713165 -0.0036726095854263305
0.001799943521653086 -0.0035998870433061724
0.001764302251999283 -0.003528604503998566
0.0017293667267687094 -0.003458733453537419
0.001695122971285498 -0.003390245942570996
0.0016615572875909033 -0.0033231145751818065
0.0016286562489639352 -0.0032573124979278704
0.0015964066945504923 -0.0031928133891009846
0.0015647957240988444 -0.0031295914481976887
0.00153381069279936 -0.00306762138559872
0.0015034392062264136 -0.0030068784124528273
0.0014736691153804504 -0.0029473382307609007
0.0014444885118282244 -0.002888977023656449
0.0014158857229392666 -0.002831771445878533
0.0013878493072166766 -0.002775698614433353
0.0013603680497203722 -0.0027207360994407443
0.001333430957580963 -0.002666861915161926
0.0013070272556024562 -0.002614054511204912
0.001281146381952035 -0.00256229276390407
0.0012557779839351847 -0.0025115559678703693
0.001230911913854476 -0.002461823827708952
0.0012065382249503516 -0.002413076449900703
0.0011826471674222896 -0.002365294334844579
0.0011592291845287529 -0.0023184583690575057
0.0011362749087643655 -0.002272549817528731
0.0011137751581127855 -0.002227550316225571
0.0010917209323737759 -0.0021834418647475517
0.0010701034095630048 -0.0021402068191260096
0.001048913942383134 -0.0020978278847662677
0.0010281440547647844 -0.002056288109529569
0.0010077854384759957 -0.0020155708769519914
9.878299497988227E-4 -0.0019756598995976453
9.682696062717392E-4 -0.0019365392125434784
9.490965834965478E-4 -0.0018981931669930956
9.303032120085154E-4 -0.0018606064240170308
9.118819742084855E-4 -0.001823763948416971
8.938255013557384E-4 -0.0017876510027114768
8.761265706203963E-4 -0.0017522531412407926
8.587781021941954E-4 -0.0017175562043883908
8.417731564584681E-4 -0.0016835463129169362
8.251049312082029E-4 -0.0016502098624164058
8.087667589310718E-4 -0.0016175335178621434
7.927521041403364E-4 -0.0015855042082806726
7.770545607605662E-4 -0.0015541091215211325
7.616678495651231E-4 -0.0015233356991302461
7.465858156643865E-4 -0.001493171631328773
7.318024260437162E-4 -0.0014636048520874324
7.173117671501654E-4 -0.0014346235343003306
7.031080425269811E-4 -0.001406216085053962
6.891855704949437E-4 -0.0013783711409898875
6.755387818796203E-4 -0.0013510775637592407
6.621622177836199E-4 -0.0013243244355672398
6.49050527402962E-4 -0.001298101054805924
6.361984658866837E-4 -0.0012723969317733673
6.236008922388292E-4 -0.0012472017844776585
6.112527672619834E-4 -0.0012225055345239668
5.991491515415249E-4 -0.0011982983030830497
5.872852034697949E-4 -0.0011745704069395899
5.756561773093897E-4 -0.0011513123546187795
5.64257421294802E-4 -0.001128514842589604
5.530843757716526E-4 -0.0011061687515433053
5.421325713727687E-4 -0.0010842651427455375
5.313976272303765E-4 -0.001062795254460753
5.208752492236963E-4 -0.0010417504984473927
5.105612282612365E-4 -0.001021122456522473
5.004514385971012E-4 -0.0010009028771942024
4.905418361806367E-4 -9.810836723612734E-4
4.8082845703875746E-4 -9.616569140775149E-4
4.713074156903037E-4 -9.426148313806074E-4
4.6197490359179756E-4 -9.23949807183595E-4
4.5282718761397453E-4 -9.056543752279491E-4
4.4386060854848225E-4 -8.877212170969645E-4
4.350715796441483E-4 -8.701431592882966E-4
4.264565851722318E-4 -8.529131703444638E-4
4.180121790200853E-4 -8.360243580401706E-4
4.097349833126635E-4 -8.19469966625327E-4
4.016216870613282E-4 -8.032433741226564E-4
3.9366904483940907E-4 -7.873380896788181E-4
3.858738754839893E-4 -7.717477509679786E-4
3.7823306082339814E-4 -7.564661216467963E-4
3.7074354442990083E-4 -7.414870888598017E-4
3.634023303970865E-4 -7.26804660794173E-4
3.562064821414659E-4 -7.124129642829318E-4
3.491531212277986E-4 -6.983062424555971E-4
3.4223942621768066E-4 -6.844788524353613E-4
3.354626315409318E-4 -6.709252630818635E-4
3.288200263893302E-4 -6.576400527786604E-4
3.223089536322531E-4 -6.446179072645063E-4
3.1592680875378937E-4 -6.318536175075787E-4
3.0967103881089804E-4 -6.193420776217962E-4
3.0353914141219746E-4 -6.070782828243949E-4
2.97528663716975E-4 -5.9505732743395E-4
2.9163720145401837E-4 -5.832744029080367E-4
2.8586239795987486E-4 -5.717247959197497E-4
2.802019432361547E-4 -5.604038864723094E-4
2.7465357302550083E-4 -5.493071460510017E-4
2.692150679058557E-4 -5.384301358117114E-4
2.63884252402663E-4 -5.27768504805326E-4
2.586589941186487E-4 -5.173179882372974E-4
2.5353720288083395E-4 -5.070744057616679E-4
2.485168299044376E-4 -4.970336598088752E-4
2.435958669733354E-4 -4.871917339466708E-4
2.3877234563674652E-4 -4.7754469127349303E-4
2.3404433642182707E-4 -4.680886728436541E-4
2.2940994806185523E-4 -4.5881989612371046E-4
2.248673267396994E-4 -4.4973465347939877E-4
2.2041465534626656E-4 -4.408293106925331E-4
2.160501527536344E-4 -4.321003055072688E-4
2.1177207310257645E-4 -4.2354414620515284E-4
2.0757870510419512E-4 -4.151574102083902E-4
2.034683713553833E-4 -4.069367427107665E-4
1.9943942766784072E-4 -3.988788553356814E-4
1.9549026241037675E-4 -3.909805248207535E-4
1.916192958642365E-4 -3.83238591728473E-4
1.878249795911921E-4 -3.756499591823842E-4
1.8410579581414692E-4 -3.6821159162829384E-4
1.8046025681000438E-4 -3.6092051362000875E-4
1.7688690431455893E-4 -3.537738086291178E-4
1.7338430893917094E-4 -3.4676861787834187E-4
1.6995106959899215E-4 -3.399021391979843E-4
1.665858129525131E-4 -3.331716259050262E-4
1.6328719285220816E-4 -3.265743857044163E-4
1.600538898060586E-4 -3.201077796121172E-4
1.5688461044973816E-4 -3.137692208994763E-4
1.5377808702925016E-4 -3.075561740585003E-4
1.5073307689380887E-4 -3.0146615378761775E-4
1.477483619987628E-4 -2.954967239975256E-4
1.4482274841836037E-4 -2.8964549683672074E-4
1.4195506586816393E-4 -2.8391013173632786E-4
1.3914416723692023E-4 -2.7828833447384046E-4
1.3638892812770068E-4 -2.7277785625540136E-4
1.3368824640812757E-4 -2.6737649281625514E-4
1.310410417695064E-4 -2.620820835390128E-4
1.2844625529468808E-4 -2.5689251058937616E-4
1.259028490344879E-4 -2.518056980689758E-4
1.23409805592492E-4 -2.46819611184984E-4
1.2096612771808523E-4 -2.4193225543617044E-4
1.185708379075377E-4 -2.371416758150754E-4
1.1622297801299017E-4 -2.3244595602598032E-4
1.1392160885918214E-4 -2.2784321771836426E-4
1.1166580986776925E-4 -2.233316197355385E-4
1.0945467868907967E-4 -2.1890935737815933E-4
1.0728733084116216E-4 -2.1457466168232434E-4
1.0516289935598157E-4 -2.1032579871196313E-4
1.0308053443261998E-4 -2.0616106886524E-4
1.0103940309734509E-4 -2.0207880619469017E-4
9.903868887040955E-5 -1.980773777408191E-4
9.70775914394482E-5 -1.941551828788964E-4
9.515532633934249E-5 -1.9031065267868496E-4
9.32711246384239E-5 -1.8654224927684777E-4
9.142423263089108E-5 -1.8284846526178217E-4
8.961391153531748E-5 -1.7922782307063496E-4
8.78394371991289E-5 -1.756788743982578E-4
8.610009980893279E-5 -1.7220019961786557E-4
8.43952036065835E-5 -1.68790407213167E-4
8.27240666108697E-5 -1.654481332217394E-4
8.108602034471277E-5 -1.6217204068942555E-4
7.948040956776714E-5 -1.5896081913553426E-4
7.790659201431533E-5 -1.5581318402863064E-4
7.636393813635315E-5 -1.527278762727063E-4
7.48518308517621E-5 -1.497036617035242E-4
7.336966529746828E-5 -1.4673933059493655E-4
7.19168485874891E-5 -1.438336971749782E-4
7.049279957577102E-5 -1.4098559915154204E-4
6.909694862372332E-5 -1.3819389724744664E-4
6.77287373723551E-5 -1.354574747447102E-4
6.638761851892422E-5 -1.3277523703784843E-4
6.507305559800895E-5 -1.301461111960179E-4
6.378452276691461E-5 -1.2756904553382921E-4
6.252150459532949E-5 -1.2504300919065898E-4
6.128349585914587E-5 -1.2256699171829175E-4
6.007000133836361E-5 -1.2014000267672722E-4
5.8880535618995566E-5 -1.1776107123799113E-4
5.771462289889553E-5 -1.1542924579779107E-4
5.6571796797431025E-5 -1.1314359359486204E-4
5.545160016892481E-5 -1.1090320033784961E-4
5.435358491979054E-5 -1.0870716983958108E-4
5.327731182928936E-5 -1.0655462365857873E-4
5.2222350373835735E-5 -1.0444470074767147E-4
5.118827855478229E-5 -1.0237655710956459E-4
5.017468272961472E-5 -1.0034936545922943E-4
4.9181157446489266E-5 -9.836231489297852E-5
4.8207305282046564E-5 -9.641461056409313E-5
4.725273668243703E-5 -9.450547336487406E-5
4.631706980749411E-5 -9.263413961498823E-5
