1.0 -2.0
0.9801980198019801 -1.9603960396039604
0.960788158023723 -1.921576316047446
0.9417626499440451 -1.8835252998880905
0.9231138845986184 -1.8462277691972369
0.9048344017352793 -1.8096688034705588
0.8869168888296302 -1.7738337776592603
0.8693541781597364 -1.738708356319473
0.8521392439387515 -1.704278487877503
0.8352651995043207 -1.6705303990086415
0.818725294563641 -1.6374505891272824
0.8025129124930738 -1.6050258249861478
0.7866215676912306 -1.5732431353824614
0.7710449029844735 -1.5420898059689474
0.7557766870837908 -1.5115533741675817
0.7408108120920325 -1.481621624184065
0.726141291060507 -1.4522825821210141
0.7117622555939622 -1.4235245111879244
0.6976679535029926 -1.3953359070059854
0.6838527465029333 -1.3677054930058667
0.6703111079583206 -1.3406222159166414
0.6570376206720172 -1.3140752413440344
0.6440269747181159 -1.2880539494362317
0.6312739653177571 -1.2625479306355143
0.6187734907570095 -1.237546981514019
0.6065205503459796 -1.2130411006919593
0.5945102424183364 -1.1890204848366728
0.5827377623704485 -1.1654755247408972
0.5711984007393505 -1.1423968014787012
0.5598875413187693 -1.1197750826375386
0.5488006593124569 -1.097601318624914
0.5379333195240914 -1.0758666390481828
0.5272811745830203 -1.0545623491660405
0.5168399632051386 -1.0336799264102774
0.5066055084882052 -1.0132110169764104
0.49657371624091395 -0.9931474324818279
0.4867405733450542 -0.9734811466901085
0.4771021461501026 -0.9542042923002054
0.4676545788996055 -0.9353091577992112
0.4583940921887222 -0.9167881843774446
0.4493169814523118 -0.8986339629046238
0.4404196154829591 -0.8808392309659182
0.431698434978346 -0.8633968699566921
0.4231499511173886 -0.8462999022347772
0.414770744164569 -0.8295414883291381
0.40655746210190424 -0.8131149242038086
0.39850681928800513 -0.7970136385760104
0.3906155951436882 -0.7812311902873765
0.3828806328636151 -0.7657612657272304
0.3752988381534445 -0.7505976763068891
0.36786717799199015 -0.7357343559839803
0.3605826794178913 -0.7211653588357827
0.35344242834030926 -0.7068848566806186
0.34644356837317436 -0.6928871367463488
0.3395832996925174 -0.6791665993850349
0.33285887791642793 -0.6657177558328559
0.3262676130071917 -0.6525352260143835
0.31980686819516807 -0.6396137363903363
0.3134740589239766 -0.6269481178479532
0.3072666518165711 -0.6145333036331423
0.30118216366178746 -0.602364327323575
0.29521816042095994 -0.59043632084192
0.2893722562542082 -0.5787445125084165
0.283642112566006 -0.5672842251320122
0.27802543706964944 -0.5560508741392989
0.2725199828702504 -0.5450399657405008
0.267123547565889 -0.534247095131778
0.26183397236656447 -0.5236679447331289
0.2566491412305929 -0.5132982824611858
0.25156698001810585 -0.5031339600362118
0.24658545566131163 -0.49317091132262336
0.2417025753511866 -0.48340515070237333
0.236916385740272 -0.47383277148054403
0.23222497216125668 -0.4644499443225134
0.22762645786103375 -0.4552529157220676
0.22311900324992415 -0.44623800649984835
0.21870080516576723 -0.43740161033153446
0.2143700961525837 -0.42874019230516747
0.21012514375352262 -0.4202502875070453
0.20596424981780928 -0.4119284996356186
0.201885749821417 -0.40377149964283404
0.1978880122011909 -0.39577602440238185
0.1939694377021574 -0.3879388754043148
0.19012845873775824 -0.3802569174755165
0.18636353876275313 -0.37272707752550627
0.1826731716585402 -0.3653463433170804
0.1790558811306483 -0.3581117622612966
0.1755102201181602 -0.3510204402363204
0.17203477021483027 -0.3440695404296606
0.1686281411016653 -0.33725628220333065
0.16528896999074122 -0.33057793998148244
0.16201592108003346 -0.324031842160067
0.1588076850190427 -0.31761537003808543
0.1556629783850022 -0.3113259567700045
0.15258054316945757 -0.30516108633891526
0.14955914627501285 -0.29911829255002576
0.1465975790220423 -0.2931951580440846
0.14369465666517015 -0.28738931333034035
0.1408492179193252 -0.2816984358386504
0.13806012449518013 -0.2761202489903603
0.1353262606437904 -0.2706525212875809
0.13264653271024998 -0.2652930654205
0.1300198686961856 -0.26003973739237124
0.1274452178309146 -0.2548904356618292
0.12492155015109449 -0.24984310030218898
0.12244785608869656 -0.24489571217739314
0.1200231460671382 -0.24004629213427642
0.11764645010541268 -0.23529290021082538
0.11531681743005796 -0.23063363486011595
0.1130333160948093 -0.2260666321896186
0.11079503260778335 -0.22159006521556673
0.10860107156604507 -0.21720214313209013
0.1064505552974105 -0.21290111059482103
0.10434262350934295 -0.20868524701868596
0.1022764329448015 -0.20455286588960303
0.10025115704490443 -0.20050231408980887
0.09826598561827266 -0.1965319712365453
0.09632012451692071 -0.19264024903384147
0.09441279531856583 -0.18882559063713167
0.09254323501522789 -0.1850864700304558
0.09071069570799564 -0.1814213914159913
0.0889144443078373 -0.17782888861567464
0.08715376224233558 -0.17430752448467118
0.08542794516822991 -0.17085589033645987
0.08373630268965108 -0.16747260537930223
0.08207815808193522 -0.16415631616387044
0.0804528480209068 -0.1609056960418136
0.0788597223175225 -0.157719444635045
0.07729814365776957 -0.15459628731553915
0.07576748734771473 -0.15153497469542945
0.07426714106360156 -0.14853428212720313
0.07279650460689657 -0.14559300921379315
0.07135498966418574 -0.14270997932837148
0.06994201957182562 -0.13988403914365127
0.06855702908525481 -0.13711405817050965
0.06719946415287352 -0.13439892830574707
0.06586878169440077 -0.13173756338880155
0.06456444938362056 -0.12912889876724112
0.06328594543543005 -0.1265718908708601
0.0620327583971047 -0.12406551679420941
0.06080438694369668 -0.12160877388739338
0.059600339677484855 -0.11920067935496972
0.05842013493139604 -0.1168402698627921
0.05726330057631889 -0.11452660115263778
0.05612937383223337 -0.11225874766446674
0.055017901083080224 -0.11003580216616046
0.053928437695296455 -0.10785687539059291
0.052860547839944046 -0.1057210956798881
0.05181380431836099 -0.10362760863672199
0.05078778839126473 -0.10157557678252946
0.04978208961123968 -0.09956417922247937
0.04879630565854186 -0.09759261131708373
0.04783004218015489 -0.09566008436030979
0.046882912632033 -0.09376582526406602
0.04595453812446799 -0.09190907624893599
0.04504454727051812 -0.09008909454103625
0.044152576037438544 -0.0883051520748771
0.04327826760105362 -0.08655653520210725
0.04242127220301295 -0.0848425444060259
0.041581247010874074 -0.08316249402174816
0.04075785598095577 -0.08151571196191155
0.03995076972390713 -0.07990153944781428
0.03915966537293867 -0.07831933074587735
0.038384226454662655 -0.07676845290932531
0.03762414276249111 -0.07524828552498224
0.03687911023254079 -0.07375822046508158
0.03614883082199543 -0.07229766164399086
0.03543301238987671 -0.07086602477975341
0.034731368580176177 -0.06946273716035235
0.0340436187073014 -0.06808723741460279
0.033369487643790476 -0.06673897528758096
0.03270870571025007 -0.06541741142050014
0.032061008567472835 -0.06412201713494568
0.03142613711069119 -0.0628522742213824
0.03080383736592503 -0.06160767473185007
0.030193860388381958 -0.06038772077676392
0.02959596216286944 -0.05919192432573889
0.029009903506178953 -0.05801980701235791
0.02843544997140313 -0.056870899942806266
0.02787237175414762 -0.055744743508295246
0.02732044360060014 -0.05464088720120029
0.026779444717419935 -0.053558889434839885
0.02624915868341162 -0.05249831736682324
0.025729373362948022 -0.051458746725896044
0.025219880821107467 -0.050439761642214934
0.024720477240491475 -0.04944095448098296
0.02423096283968966 -0.04846192567937933
0.02375114179335917 -0.04750228358671835
0.02328082215388671 -0.046561644307773424
0.02281981577460182 -0.04563963154920365
0.022367938234510693 -0.04473587646902139
0.02192500876452038 -0.04385001752904077
0.021490850175123935 -0.04298170035024788
0.021065288785517517 -0.04213057757103504
0.02064815435412113 -0.04129630870824226
0.020239280010475168 -0.040478560020950335
0.019838502188485558 -0.03967700437697112
0.019445660560990792 -0.03889132112198159
0.019060597975624635 -0.03812119595124928
0.018683160391948898 -0.0373663207838978
0.018313196819831096 -0.0366263936396622
0.01795055925904236 -0.035901118518084724
0.01759510264005142 -0.03519020528010284
0.01724668476599099 -0.03449336953198199
0.016905166255773346 -0.0338103325115467
0.01657041048833229 -0.033140820976664584
0.01624228354796927 -0.03248456709593855
0.01592065417078176 -0.03184130834156352
0.015605393692152417 -0.031210787384304835
0.015296375995278111 -0.030592751990556222
0.014993477460718148 -0.029986954921436295
0.014696576916941548 -0.0293931538338831
0.014405555591853596 -0.028811111183707196
0.014120297065282237 -0.028240594130564477
0.01384068722240536 -0.02768137444481072
0.013566614208100302 -0.02713322841620061
0.013297968382197324 -0.026595936764394652
0.013034642275619159 -0.02606928455123832
0.012776530547389075 -0.025553061094778153
0.012523529942490279 -0.02504705988498056
0.012275539250559778 -0.02455107850111956
0.012032459265400176 -0.02406491853080036
0.01179419274529324 -0.023588385490586485
0.011560644374099314 -0.023121288748198632
0.01133172072312705 -0.022663441446254103
0.011107330213758197 -0.022214660427516394
0.010887383080812489 -0.021774766161624978
0.010671791336637983 -0.02134358267327597
0.010460468735912477 -0.020920937471824958
0.010253330741141932 -0.020506661482283868
0.010050294488842091 -0.020100588977684186
0.009851278756389772 -0.019702557512779547
0.009656203929530567 -0.01931240785906114
0.009464991970529961 -0.018929983941059925
0.00927756638695511 -0.018555132773910223
0.009093852201074809 -0.01818770440214962
0.008913775919865407 -0.017827551839730817
0.008737265505610645 -0.017474531011221293
0.0085642503470837 -0.017128500694167402
0.008394661231299862 -0.016789322462599728
0.008228430315828577 -0.016456860631657157
0.008065491101653752 -0.01613098220330751
0.0079057784065715 -0.015811556813143002
0.007749228339114637 -0.015498456678229277
0.007595778272993554 -0.015191556545987112
0.007445366822043186 -0.014890733644086374
0.007297933815666093 -0.014595867631332186
0.007153420274761814 -0.014306840549523627
0.007011768388132866 -0.014023536776265735
0.006872921489357957 -0.013745842978715917
0.006736824034123145 -0.013473648068246292
0.006603421578001894 -0.013206843156003789
0.006472660754675123 -0.012945321509350249
0.006344489254582546 -0.012688978509165092
0.0062188558039967526 -0.012437711607993507
0.006095710144511667 -0.012191420289023338
0.005975003012937178 -0.011950006025874359
0.005856686121591887 -0.011713372243183777
0.005740712138986106 -0.011481424277972215
0.00562703467088737 -0.011254069341774742
0.005515608241760887 -0.011031216483521775
0.005406388276577503 -0.010812776553155008
0.005299331082981908 -0.010598662165963817
0.005194393833813949 -0.0103887876676279
0.005091534549976048 -0.010183069099952098
0.004990712083639888 -0.009981424167279778
0.004891886101785633 -0.009783772203571265
0.004795017070067104 -0.00959003414013421
0.004700066236996469 -0.009400132473992937
0.004606995618442083 -0.009213991236884166
0.004515767982433329 -0.009031535964866659
0.004426346834266332 -0.008852693668532665
0.004338696401904621 -0.008677392803809244
0.004252781621668885 -0.008505563243337773
0.0041685681242100954 -0.008337136248420191
0.004086022220760391 -0.008172044441520782
0.004005110889656224 -0.00801022177931245
0.003925801763128378 -0.007851603526256756
0.003848063114353558 -0.007696126228707117
0.0037718638447623984 -0.007543727689524797
0.003697173471598786 -0.0073943469431975726
0.003623962115725542 -0.007247924231451085
0.003552200489671571 -0.0071044009793431425
0.003481859885915698 -0.006963719771831396
0.003412912165402515 -0.006825824330805032
0.0033453297462856333 -0.006690659492571268
0.0032790855928938384 -0.006558171185787678
0.0032141532049157423 -0.006428306409831485
0.0031505066067985987 -0.006301013213597198
0.003088120337357042 -0.0061762406747140845
0.003026969439587595 -0.006053938879175191
0.0029670294506848704 -0.005934058901369741
0.002908276392255467 -0.0058165527845109345
0.002850686760725655 -0.005701373521451311
0.0027942375179390083 -0.005588475035878017
0.0027389060819402156 -0.005477812163880432
0.0026846703179413994 -0.0053693406358828
0.002631508529467312 -0.005263017058934625
0.00257939944967588 -0.005158798899351761
0.0025283222328506146 -0.00505664446570123
0.0024782564460614936 -0.004956512892122987
0.0024291820609909686 -0.004858364121981938
0.00238107944592184 -0.004762158891843681
0.0023339293578837836 -0.004667858715767568
0.0022877129349553917 -0.004575425869910784
0.0022424116887186513 -0.0044848233774373025
0.002198007496862836 -0.004396014993725673
0.002154482595934859 -0.004308965191869719
0.0021118195742331784 -0.004223639148466357
0.0020700013648424225 -0.004140002729684844
0.0020290112388059384 -0.004058022477611878
0.0019888327984335435 -0.003977665596867087
0.00194944997074179 -0.0038988999414835803
0.0019108470010241305 -0.0038216940020482613
0.001873008446548405 -0.0037460168930968105
0.0018359191703791295 -0.0036718383407582595
0.0017995643353221169 -0.003599128670644234
0.0017639293979890055 -0.0035278587959780114
0.001729000102979322 -0.0034580002059586444
0.0016947624771777511 -0.0033895249543555027
0.0016612028241643302 -0.0033224056483286612
0.0016283077187353335 -0.0032566154374706674
0.0015960640015326535 -0.0031921280030653074
0.0015644587737795315 -0.0031289175475590634
0.0015334793921205306 -0.0030669587842410617
0.0015031134635636882 -0.003006226927127377
0.001473348840522823 -0.0029466976810456464
0.0014441736159580146 -0.0028883472319160292
0.0014155761186123111 -0.0028311522372246227
0.0013875449083427603 -0.002775089816685521
0.0013600687715438937 -0.0027201375430877875
0.0013331367166618364 -0.0026662734333236728
0.0013067379697972454 -0.0026134759395944913
0.0012808619703953198 -0.00256172394079064
0.0012554983670211549 -0.00251099673404231
0.0012306370132187557 -0.0024612740264375117
0.0012062679634520475 -0.0024125359269040955
0.0011823814691262642 -0.002364762938252529
0.0011589679746881203 -0.002317935949376241
0.0011360181138032068 -0.002272036227606414
0.0011135227056090838 -0.002227045411218168
0.0010914727510425671 -0.0021829455020851347
0.0010698594292397438 -0.002139718858479488
0.0010486740940072736 -0.0020973481880145473
0.001027908270363565 -0.0020558165407271304
0.0010075536511484446 -0.00201510730229689
9.876020936999603E-4 -0.0019752041873999215
9.680456165969908E-4 -0.0019360912331939817
9.488763964663572E-4 -0.0018977527929327147
9.300867648531619E-4 -0.001860173529706324
9.116692051530992E-4 -0.0018233384103061986
8.93616349605513E-4 -0.001787232699211026
8.759209763459978E-4 -0.0017518419526919957
8.585760065173642E-4 -0.0017171520130347282
8.415745014378124E-4 -0.001683149002875625
8.249096598251823E-4 -0.001649819319650365
8.085748150761687E-4 -0.0016171496301523379
7.925634325994128E-4 -0.001585126865198826
7.768691072014046E-4 -0.0015537382144028093
7.61485560524149E-4 -0.0015229711210482983
7.464066385335717E-4 -0.0014928132770671437
7.316263090576594E-4 -0.0014632526181153189
7.171386593733493E-4 -0.0014342773187466986
7.029378938412037E-4 -0.0014058757876824076
6.890183315869224E-4 -0.0013780366631738449
6.753744042287654E-4 -0.001350748808457531
6.620006536499779E-4 -0.001324001307299956
6.488917298153248E-4 -0.0012977834596306498
6.360423886308628E-4 -0.0012720847772617258
6.234474898460931E-4 -0.0012468949796921864
6.111019949976556E-4 -0.0012222039899953113
5.990009653937415E-4 -0.0011980019307874833
5.871395601384199E-4 -0.00117427912027684
5.755130341950849E-4 -0.0011510260683901697
5.641167364882514E-4 -0.001128233472976503
5.529461080429394E-4 -0.001105892216085879
5.419966801609009E-4 -0.001083993360321802
5.312640726329622E-4 -0.0010625281452659246
5.207439919867649E-4 -0.0010414879839735298
5.104322297692052E-4 -0.0010208644595384104
5.003246608628843E-4 -0.0010006493217257686
4.904172418358964E-4 -9.80834483671793E-4
4.807060093242945E-4 -9.61412018648589E-4
4.711870784465857E-4 -9.423741568931714E-4
4.618566412496235E-4 -9.237132824992471E-4
4.527109651852745E-4 -9.05421930370549E-4
4.437463916172492E-4 -8.874927832344986E-4
4.3495933435750165E-4 -8.699186687150034E-4
4.263462782316105E-4 -8.526925564632212E-4
4.179037776725687E-4 -8.358075553451375E-4
4.096284553424188E-4 -8.192569106848377E-4
4.015170007811828E-4 -8.030340015623657E-4
3.9356616908254547E-4 -7.87132338165091E-4
3.857727795957624E-4 -7.715455591915248E-4
3.7813371465327206E-4 -7.562674293065441E-4
3.706459183235043E-4 -7.412918366470086E-4
3.6330639518838536E-4 -7.266127903767707E-4
3.5611220914505095E-4 -7.12224418290102E-4
3.4906048223128756E-4 -6.981209644625751E-4
3.421483934742323E-4 -6.842967869484647E-4
3.353731777618712E-4 -6.707463555237426E-4
3.287321247368837E-4 -6.574642494737673E-4
3.222225777123909E-4 -6.444451554247818E-4
3.158419326091752E-4 -6.316838652183504E-4
3.0958763691394395E-4 -6.191752738278879E-4
3.0345718865822227E-4 -6.069143773164445E-4
2.9744813541746534E-4 -5.948962708349308E-4
2.9155807332999076E-4 -5.831161466599815E-4
2.857846461353375E-4 -5.71569292270675E-4
2.801255442316674E-4 -5.602510884633349E-4
2.745785037518324E-4 -5.491570075036648E-4
2.691413056577367E-4 -5.382826113154735E-4
2.63811774852633E-4 -5.27623549705266E-4
2.5858777931099666E-4 -5.171755586219933E-4
2.534672292256304E-4 -5.069344584512608E-4
2.484480761716575E-4 -4.968961523433151E-4
2.435283122870702E-4 -4.870566245741405E-4
2.387059694695044E-4 -4.7741193893900886E-4
2.3397911858892014E-4 -4.679582371778403E-4
2.293458687158722E-4 -4.586917374317444E-4
2.2480436636506285E-4 -4.496087327301257E-4
2.2035279475387346E-4 -4.40705589507747E-4
2.1598937307557893E-4 -4.319787461511579E-4
2.117123557869536E-4 -4.2342471157390726E-4
2.075200319099842E-4 -4.150400638199685E-4
2.0341072434741024E-4 -4.0682144869482053E-4
1.9938278921181792E-4 -3.9876557842363596E-4
1.9543461516801952E-4 -3.9086923033603916E-4
1.9156462278845476E-4 -3.8312924557690957E-4
1.8777126392135663E-4 -3.755425278427133E-4
1.8405302107142875E-4 -3.6810604214285755E-4
1.804084067927866E-4 -3.608168135855732E-4
1.768359630939195E-4 -3.5367192618783905E-4
1.7333426085443593E-4 -3.466685217088719E-4
1.6990189925335797E-4 -3.39803798506716E-4
1.66537505208737E-4 -3.33075010417474E-4
1.6323973282836597E-4 -3.2647946565673194E-4
1.600072628713686E-4 -3.2001452574273724E-4
1.5683880222045038E-4 -3.136776044409008E-4
1.5373308336459986E-4 -3.074661667291998E-4
1.5068886389203352E-4 -3.013777277840671E-4
1.4770492599318135E-4 -2.9540985198636276E-4
1.4478007597351438E-4 -2.895601519470288E-4
1.4191314377601903E-4 -2.838262875520381E-4
1.3910298251312755E-4 -2.7820596502625515E-4
1.363484680079171E-4 -2.726969360158342E-4
1.3364849834439395E-4 -2.6729699668878796E-4
1.3100199342668318E-4 -2.620039868533664E-4
1.2840789454694686E-4 -2.5681578909389377E-4
1.2586516396185878E-4 -2.517303279237176E-4
1.2337278447746553E-4 -2.467455689549311E-4
1.2092975904226819E-4 -2.418595180845364E-4
1.1853511034836188E-4 -2.370702206967238E-4
1.1618788044047352E-4 -2.3237576088094706E-4
1.1388713033274135E-4 -2.2777426066548275E-4
1.116319396330831E-4 -2.2326387926616622E-4
1.0942140617500222E-4 -2.1884281235000447E-4
1.0725464565668534E-4 -2.145092913133707E-4
1.0513079128724602E-4 -2.1026158257449206E-4
1.030489934399738E-4 -2.0609798687994764E-4
1.0100841931244957E-4 -2.0201683862489914E-4
9.900825259339115E-5 -1.9801650518678232E-4
9.704769313609627E-5 -1.9409538627219254E-4
9.512595663835178E-5 -1.9025191327670356E-4
9.324227432868143E-5 -1.864845486573629E-4
9.139589265880655E-5 -1.8279178531761312E-4
8.958607300219651E-5 -1.7917214600439305E-4
8.781209135858865E-5 -1.756241827171773E-4
8.607323806435917E-5 -1.7214647612871835E-4
8.436881750862929E-5 -1.6873763501725858E-4
8.269814785499306E-5 -1.6539629570998612E-4
8.106056076875557E-5 -1.6212112153751116E-4
7.945540114957229E-5 -1.5891080229914458E-4
7.788202686938273E-5 -1.5576405373876547E-4
7.633980851553356E-5 -1.5267961703106713E-4
7.482812913898834E-5 -1.496562582779767E-4
7.334638400752322E-5 -1.4669276801504647E-4
7.189398036380988E-5 -1.4378796072761978E-4
7.047033718828888E-5 -1.409406743765778E-4
6.90748849667386E-5 -1.3814976993347723E-4
6.770706546244674E-5 -1.354141309248935E-4
6.636633149289334E-5 -1.3273266298578667E-4
6.505214671085584E-5 -1.301042934217117E-4
6.376398538984878E-5 -1.275279707796976E-4
6.250133221381217E-5 -1.2500266442762436E-4
6.126368207096439E-5 -1.225273641419288E-4
6.0050539851737365E-5 -1.2010107970347476E-4
5.8861420250712855E-5 -1.1772284050142574E-4
5.769584757248091E-5 -1.1539169514496185E-4
5.655335554134267E-5 -1.1310671108268537E-4
5.543348711478143E-5 -1.1086697422956287E-4
5.433579430062734E-5 -1.086715886012547E-4
5.325983797784263E-5 -1.0651967595568529E-4
5.2205187720855644E-5 -1.0441037544171131E-4
5.117142162737335E-5 -1.0234284325474671E-4
5.015812614960358E-5 -1.0031625229920717E-4
4.9164895928819346E-5 -9.832979185763869E-5
4.819133363319916E-5 -9.638266726639832E-5
4.723704979887838E-5 -9.447409959775676E-5
4.630166267414811E-5 -9.260332534829623E-5
