1.0 -2.0
0.8181818181818181 -1.6363636363636358
0.6694214876033058 -1.338842975206611
0.5477084898572502 -1.0954169797145004
0.44812512806502286 -0.8962502561300454
0.3666478320532005 -0.7332956641064009
0.29998458986170945 -0.5999691797234188
0.24544193715958046 -0.4908838743191608
0.20081613040329307 -0.40163226080658615
0.16430410669360343 -0.3286082133872068
0.1344306327493119 -0.2688612654986237
0.10998869952216428 -0.21997739904432856
0.08999075415449805 -0.179981508308996
0.07362879885368022 -0.14725759770736044
0.06024174451664745 -0.12048348903329485
0.04928870005907518 -0.09857740011815036
0.04032711823015241 -0.08065423646030481
0.032994914915579245 -0.06598982983115848
0.026995839476383017 -0.05399167895276603
0.02208750502613156 -0.044175010052263104
0.018071595021380366 -0.03614319004276073
0.014785850472038481 -0.029571700944076955
0.012097514022576939 -0.02419502804515387
0.009897966018472041 -0.01979593203694408
0.008098335833295306 -0.01619667166659061
0.0066259111363325225 -0.013251822272665045
0.0054212000206357 -0.010842400041271398
0.004435527289611027 -0.008871054579222054
0.003629067782409022 -0.007258135564818042
0.002969237276516472 -0.005938474553032944
0.002429375953513477 -0.004858751907026952
0.001987671234692845 -0.00397534246938569
0.0016262764647486912 -0.003252552929497381
0.0013305898347943837 -0.0026611796695887673
0.0010886644102863139 -0.002177328820572627
8.907254265978932E-4 -0.0017814508531957863
7.287753490346398E-4 -0.0014575506980692794
5.962707401192507E-4 -0.0011925414802385012
4.878578782793869E-4 -9.757157565587736E-4
3.991564458649529E-4 -7.983128917299057E-4
3.2658254661677963E-4 -6.531650932335591E-4
2.6720390177736517E-4 -5.344078035547302E-4
2.1862137418148057E-4 -4.372427483629611E-4
1.788720334212114E-4 -3.5774406684242266E-4
1.4634984552644567E-4 -2.9269969105289134E-4
1.1974078270345556E-4 -2.3948156540691098E-4
9.796973130282727E-5 -1.9593946260565456E-4
8.01570528841314E-5 -1.603141057682627E-4
6.558304326883478E-5 -1.3116608653766958E-4
5.365885358359209E-5 -1.0731770716718413E-4
4.390269838657534E-5 -8.780539677315069E-5
3.592038958901618E-5 -7.184077917803233E-5
2.938940966374051E-5 -5.8778819327481016E-5
2.404588063396951E-5 -4.8091761267939E-5
1.9673902336884143E-5 -3.934780467376829E-5
1.609682918472339E-5 -3.2193658369446764E-5
1.3170132969319135E-5 -2.6340265938638273E-5
1.0775563338533837E-5 -2.1551126677067667E-5
8.816370004254957E-6 -1.7632740008509917E-5
7.213393639844964E-6 -1.4426787279689922E-5
5.901867523509516E-6 -1.1803735047019034E-5
4.8288007010532396E-6 -9.657601402106477E-6
3.950836937225378E-6 -7.901673874450755E-6
3.2325029486389454E-6 -6.465005897277888E-6
2.6447751397955005E-6 -5.289550279591002E-6
2.163906932559955E-6 -4.327813865119909E-6
1.7704693084581452E-6 -3.54093861691629E-6
1.4485657978293915E-6 -2.897131595658782E-6
1.1851901982240475E-6 -2.370380396448095E-6
9.697010712742208E-7 -1.939402142548441E-6
7.933917855879987E-7 -1.5867835711759974E-6
6.49138733662908E-7 -1.2982774673258157E-6
5.31113509360561E-7 -1.0622270187211219E-6
4.345474167495499E-7 -8.690948334990996E-7
3.55538795522359E-7 -7.11077591044718E-7
2.9089537815465737E-7 -5.817907563093145E-7
2.3800530939926513E-7 -4.7601061879853026E-7
1.9473161678121694E-7 -3.8946323356243376E-7
1.5932586827554112E-7 -3.1865173655108224E-7
1.303575285890791E-7 -2.607150571781581E-7
1.0665615975470108E-7 -2.1331231950940216E-7
8.726413070839179E-8 -1.7452826141678352E-7
7.139792512504781E-8 -1.4279585025009563E-7
5.8416484193220935E-8 -1.1683296838644184E-7
4.779530524899895E-8 -9.559061049799788E-8
3.9105249749180957E-8 -7.821049949836189E-8
3.199520434023896E-8 -6.399040868047792E-8
2.6177894460195515E-8 -5.235578892039101E-8
2.141827728561451E-8 -4.283655457122903E-8
1.7524045051866415E-8 -3.5048090103732816E-8
1.4337855042436156E-8 -2.8675710084872316E-8
1.1730972307447764E-8 -2.3461944614895522E-8
9.598068251548171E-9 -1.919613650309634E-8
7.852964933084868E-9 -1.570592986616973E-8
6.425153127069438E-9 -1.2850306254138874E-8
5.2569434676022675E-9 -1.0513886935204532E-8
4.301135564401855E-9 -8.602271128803711E-9
3.5191109163287903E-9 -7.038221832657577E-9
2.8792725679053738E-9 -5.758545135810748E-9
2.355768464649851E-9 -4.7115369292997E-9
